20 36 5 30 1000
0 31 0 0 0
0 0 0 9 0
0 0 31 0 31
31 31 31 12 0
0 12 31 3 31
END
31 0 0 0 31
0 0 0 0 31
0 10 31 15 31
10 31 9 0 0
0 0 7 0 14
END
31 0 31 0 10
31 0 31 0 31
0 31 31 10 0
0 0 0 0 31
12 31 0 31 0
END
0 31 0 0 0
5 0 2 0 0
0 9 31 1 2
31 31 0 31 31
0 0 0 0 13
END
31 15 31 12 0
0 0 12 0 13
0 31 0 9 0
0 11 0 0 10
2 31 6 0 0
END
14 0 31 13 31
0 1 31 0 11
0 0 31 13 0
0 31 0 0 0
10 10 0 0 0
END
0 31 31 0 31
0 31 0 31 11
0 0 0 15 0
0 31 31 31 31
0 0 0 3 14
END
0 10 0 11 31
0 8 31 0 31
0 0 31 0 0
2 0 14 0 0
31 0 31 14 31
END
0 0 0 13 0
31 8 31 12 10
0 0 0 0 31
0 0 31 1 12
5 0 0 0 31
END
12 31 31 0 0
31 31 4 0 0
31 0 0 31 0
14 0 31 0 0
13 0 11 0 15
END
0 12 0 31 15
31 31 31 9 0
0 0 11 0 31
0 31 14 0 0
0 31 0 11 0
END
0 0 0 0 31
31 0 9 0 10
0 31 0 31 31
0 0 0 0 31
1 13 11 31 15
END
15 31 0 31 0
0 0 11 0 31
0 0 31 15 0
31 0 31 0 15
0 13 0 0 31
END
15 31 0 0 31
31 31 31 0 0
14 10 0 0 31
0 0 31 0 31
0 0 31 0 31
END
0 0 0 0 31
31 0 5 31 0
0 1 31 0 31
0 31 0 31 1
0 0 0 13 31
END
0 0 0 0 31
14 0 0 0 31
31 3 31 10 7
0 0 0 0 31
0 31 31 31 0
END
31 31 0 0 15
0 0 11 4 31
0 0 0 13 31
31 8 31 2 0
0 0 13 0 0
END
0 14 10 31 0
0 0 10 0 31
0 31 31 0 0
6 31 0 0 15
6 31 0 0 31
END
31 31 14 0 0
31 0 0 0 6
0 0 0 31 0
0 31 31 13 31
0 31 12 0 0
END
10 0 31 31 6
0 2 31 0 0
0 0 15 31 31
31 0 31 0 0
0 31 0 31 0
END
15 6 31 0 6
15 0 31 0 0
0 0 11 31 31
0 0 0 0 31
0 0 31 31 0
END
3 31 0 31 9
0 0 1 0 0
31 31 0 31 0
6 12 0 11 31
0 0 0 0 0
END
0 0 31 31 0
11 0 0 31 31
0 14 0 0 31
14 31 31 0 31
0 0 31 31 0
END
31 0 12 0 0
31 31 0 10 31
11 0 31 0 31
0 12 31 31 0
0 0 0 0 5
END
1 31 31 31 0
11 0 0 0 0
0 0 31 0 5
0 0 5 0 0
12 0 13 7 31
END
0 14 31 0 2
0 0 31 15 31
0 0 0 0 8
31 31 0 31 0
31 0 31 0 0
END
31 31 0 9 31
0 0 1 31 31
0 31 0 0 13
31 14 15 31 0
0 0 0 0 0
END
0 31 31 3 0
0 6 9 0 0
8 0 31 10 31
0 0 0 0 9
31 31 0 0 31
END
31 0 0 0 8
0 31 0 31 0
31 5 14 0 0
0 3 0 31 10
0 31 0 0 31
END
0 0 0 31 12
31 9 31 0 0
31 31 0 0 0
31 0 31 0 1
0 0 11 10 12
END
2 0 31 0 0
31 2 0 0 0
31 0 0 31 12
5 0 31 0 31
0 31 0 31 0
END
0 31 0 31 1
0 10 31 7 12
0 0 0 0 5
5 1 0 0 31
0 0 14 15 0
END
0 31 0 31 31
0 0 31 31 12
0 31 31 0 0
0 0 0 12 0
0 0 11 9 5
END
0 13 31 31 31
31 31 0 11 0
0 0 0 0 0
0 11 31 31 0
31 0 9 0 14
END
0 0 0 15 0
31 5 0 0 0
0 0 7 13 31
31 0 12 31 0
11 10 0 31 0
END
0 0 31 0 0
12 10 31 0 31
0 31 0 0 31
9 0 0 2 31
0 0 31 0 12
END
0 0 5 0 0
31 6 11 0 0
31 31 0 31 0
0 0 12 0 31
31 2 0 0 31
END
31 31 0 0 0
0 31 0 31 0
0 0 31 14 0
31 31 31 13 13
31 12 0 0 0
END
0 4 0 15 0
13 0 10 0 31
0 31 11 31 0
0 0 0 31 31
0 31 0 7 31
END
0 0 0 1 0
31 14 0 0 10
1 31 0 31 31
10 0 31 13 8
0 15 0 0 0
END
0 31 5 0 0
6 31 31 0 0
0 6 9 11 9
0 0 6 0 0
31 0 0 0 31
END
31 0 15 31 0
15 0 0 0 31
8 31 0 4 31
31 0 12 0 0
0 0 1 31 0
END
9 0 13 1 0
0 9 14 0 31
31 0 0 0 0
11 15 31 14 0
31 0 0 0 31
END
0 0 0 31 3
31 0 0 0 31
31 31 31 31 31
31 0 0 0 0
31 0 9 11 0
END
0 0 0 13 31
13 7 31 0 0
0 5 31 10 0
31 0 0 9 0
0 0 2 31 31
END
6 10 31 31 0
0 7 0 0 0
31 31 0 0 31
15 0 31 6 0
0 0 31 31 0
END
14 31 0 3 0
0 0 31 31 0
0 0 15 0 8
0 0 0 31 0
5 7 31 31 0
END
31 0 0 0 31
0 31 0 4 4
0 0 0 31 9
0 0 31 14 0
0 0 31 14 7
END
0 0 0 0 31
0 9 31 31 0
7 0 0 31 0
14 31 6 0 0
0 9 31 0 3
END
31 31 0 9 0
9 15 0 0 0
31 0 9 0 0
31 4 0 0 0
31 31 6 0 0
END
1 2 0 31 31
31 31 11 13 31
0 12 0 0 0
0 31 0 5 0
0 0 0 31 0
END
31 0 31 8 0
31 31 0 0 0
15 0 1 2 0
0 31 10 0 0
0 12 0 0 31
END
31 31 0 13 6
0 31 31 31 0
9 11 0 31 0
0 0 0 8 0
0 13 0 9 0
END
0 0 0 0 0
10 2 0 0 0
0 9 11 8 15
31 12 0 31 31
0 31 7 0 0
END
31 31 13 0 0
31 0 0 0 31
0 31 31 31 14
0 31 31 0 31
0 0 31 0 0
END
6 0 0 31 0
31 11 0 0 12
0 0 6 0 0
0 14 0 31 0
6 10 0 11 10
END
10 31 0 31 0
31 31 31 31 0
31 0 0 31 10
0 0 0 0 8
31 31 0 0 0
END
0 8 31 0 0
0 0 5 31 0
0 31 0 9 9
31 31 31 0 0
31 0 0 9 31
END
0 31 9 31 10
0 0 0 0 0
31 31 31 31 31
0 0 0 31 31
0 0 31 0 0
END
0 0 0 0 31
31 14 0 0 0
31 31 10 31 0
0 0 9 15 31
0 31 31 31 0
END
11 31 0 31 0
13 0 0 12 31
14 0 0 31 14
31 0 0 0 4
0 31 0 31 0
END
0 0 31 11 10
31 0 0 31 0
5 13 31 0 0
0 31 31 0 13
31 0 31 0 0
END
13 8 0 3 8
31 4 31 14 0
0 0 0 0 0
14 0 0 13 0
31 0 0 13 0
END
11 1 0 0 5
0 15 31 9 0
0 0 0 0 0
11 8 31 31 0
31 0 0 31 9
END
10 0 31 0 12
31 31 0 0 0
31 31 0 13 0
0 0 31 31 0
31 0 31 0 14
END
0 9 0 0 0
2 31 8 31 0
11 0 10 10 0
0 31 31 31 0
0 0 0 10 3
END
0 31 10 31 0
11 0 31 0 14
8 0 31 0 0
0 31 13 0 0
0 31 0 31 0
END
0 31 0 0 0
0 0 9 0 0
31 31 0 31 0
31 0 2 12 11
5 3 0 0 3
END
0 1 0 31 0
0 0 15 15 31
31 11 0 0 10
0 0 31 31 31
0 0 31 31 0
END
5 10 31 31 0
11 0 31 0 31
31 0 31 0 0
0 31 0 14 13
0 0 9 0 0
END
31 1 0 6 0
0 31 0 31 2
0 0 31 0 31
31 31 31 31 0
0 0 0 0 31
END
10 4 11 0 0
15 11 0 8 0
31 10 31 14 0
31 8 0 0 0
0 0 0 31 0
END
0 9 12 0 1
31 0 0 31 10
0 0 0 31 10
0 0 31 0 3
31 0 31 0 14
END
13 0 31 0 0
31 13 0 31 0
31 31 0 0 11
0 31 11 31 0
3 0 10 0 0
END
9 0 0 10 31
0 9 0 0 31
31 0 0 0 0
0 15 0 31 4
0 0 31 31 4
END
0 1 0 0 31
31 31 0 31 0
0 8 0 31 0
0 0 0 0 10
9 31 31 0 12
END
12 31 0 31 0
31 12 0 13 0
0 0 31 12 31
31 31 0 0 31
0 4 0 0 0
END
5 0 0 0 0
0 0 0 0 31
0 0 15 0 31
1 31 13 10 6
0 0 7 5 31
END
31 1 0 0 9
0 0 31 31 31
9 31 13 11 0
0 31 31 0 0
0 0 0 0 31
END
31 12 0 31 0
0 31 6 31 0
0 0 0 0 31
0 12 31 0 0
0 13 0 4 31
END
14 31 0 0 0
2 0 0 31 0
0 11 0 31 0
1 0 5 31 0
0 31 0 31 7
END
6 0 0 0 0
7 31 0 31 12
31 0 14 31 1
31 0 0 31 31
0 0 0 0 31
END
0 31 6 31 10
0 0 31 31 31
0 7 0 0 0
0 0 0 4 10
0 31 31 0 31
END
5 0 11 0 10
0 31 0 31 31
0 14 0 0 15
0 0 31 0 31
15 31 0 0 10
END
0 15 0 31 0
8 0 0 0 31
0 0 13 0 14
5 10 31 31 0
31 31 31 0 0
END
0 11 31 31 0
31 31 0 0 31
0 0 31 0 31
0 8 4 0 0
1 31 0 15 0
END
0 0 0 31 31
3 31 31 0 0
7 31 0 0 0
10 31 0 0 0
13 10 0 31 0
END
0 0 0 0 15
12 31 31 31 0
31 9 13 0 0
6 31 14 31 13
0 0 0 0 0
END
0 6 8 0 31
0 31 0 0 0
0 31 31 31 0
31 0 13 31 12
0 31 0 0 0
END
13 0 0 31 0
31 5 0 31 0
0 0 0 0 0
11 0 31 31 0
31 31 31 12 0
END
8 0 0 31 0
31 0 9 0 4
0 13 0 0 31
10 31 5 31 0
31 0 31 0 0
END
0 31 0 0 0
3 10 31 0 0
0 0 31 0 31
0 31 0 31 0
31 1 31 12 9
END
0 0 0 31 15
0 12 4 0 0
0 31 31 31 14
0 31 13 0 0
31 0 0 12 0
END
12 1 31 0 31
31 31 0 0 31
31 0 0 0 31
0 0 0 31 31
0 31 0 0 31
END
11 1 31 0 0
0 31 31 8 0
0 0 31 0 0
0 9 0 10 31
0 0 31 3 31
END
0 31 5 0 31
0 0 13 8 5
0 0 15 0 31
31 0 0 0 15
2 0 31 0 31
END
0 31 9 0 0
0 0 31 31 3
0 7 0 0 0
11 31 31 0 0
0 31 0 31 2
END
31 31 0 0 0
10 0 9 0 0
1 0 11 0 31
0 31 0 14 31
12 5 0 0 0
END
0 0 0 0 14
5 0 0 31 0
5 3 0 5 0
0 0 31 12 14
9 0 31 31 31
END
31 31 11 31 0
0 0 0 31 0
0 31 31 7 0
0 0 10 0 0
0 31 10 0 31
END
31 12 31 0 0
9 31 0 0 31
0 0 0 0 31
31 0 0 13 31
2 0 0 0 14
END
1 31 0 0 0
0 31 0 31 0
0 31 0 31 11
0 0 31 31 0
0 31 31 14 0
END
13 0 0 31 0
11 0 31 31 6
31 0 0 0 0
0 31 0 0 1
31 14 0 2 0
END
31 11 0 31 31
0 0 10 31 31
0 0 3 0 0
13 0 31 0 31
0 31 0 0 0
END
0 31 0 0 31
13 0 0 31 0
11 15 31 31 0
31 0 13 13 0
0 31 4 0 0
END
31 0 31 0 0
14 0 31 31 31
31 0 14 2 10
0 0 31 0 0
0 0 10 14 0
END
0 0 0 15 0
31 0 0 0 0
31 12 0 7 11
11 31 31 0 0
31 0 0 31 31
END
31 31 0 31 8
0 0 31 31 12
0 0 31 31 0
0 31 0 0 31
31 0 0 5 0
END
0 31 31 0 31
7 0 9 0 0
12 0 31 13 0
0 0 31 0 14
31 0 0 14 0
END
0 0 0 10 15
0 0 0 6 31
31 0 31 31 0
0 0 31 0 31
0 5 31 15 31
END
0 12 31 31 0
0 0 31 0 0
31 10 31 0 0
0 9 11 5 0
0 15 31 0 0
END
0 31 4 31 31
0 0 9 31 3
0 0 0 31 0
31 0 0 31 31
31 0 0 0 12
END
0 0 0 31 0
0 0 11 0 4
0 0 0 1 31
14 0 11 0 0
13 9 9 31 31
END
0 0 0 0 4
31 31 31 31 31
8 31 2 0 31
0 0 0 31 10
0 0 31 0 0
END
0 31 0 31 31
0 31 14 0 0
0 0 0 0 0
31 0 31 31 31
31 31 31 0 0
END
0 0 0 0 14
11 0 31 31 7
0 0 0 0 31
0 0 10 31 31
0 0 15 31 31
END
31 3 31 31 0
0 0 31 0 0
3 31 4 0 12
9 0 14 0 31
0 0 31 0 0
END
0 0 31 0 31
0 0 0 31 0
0 15 15 31 0
31 31 1 5 12
0 15 0 0 14
END
31 10 31 0 0
12 31 0 0 31
31 0 14 0 0
0 0 10 0 31
1 0 0 0 5
END
0 31 0 0 0
31 31 10 0 0
31 0 31 31 0
0 2 0 31 9
31 0 31 0 0
END
31 31 31 0 0
0 0 0 0 15
31 0 31 0 13
31 0 0 0 8
0 10 31 31 0
END
15 0 8 31 0
15 0 8 31 0
0 0 0 31 31
0 12 13 0 2
0 0 0 0 31
END
0 31 2 0 31
31 31 0 0 14
11 0 31 15 31
0 0 31 0 0
0 0 11 0 31
END
2 31 0 7 0
31 31 0 0 0
0 0 0 31 0
4 0 12 0 31
5 31 14 0 31
END
0 0 14 6 0
13 1 0 0 31
0 0 31 31 10
0 31 0 31 31
0 0 31 0 15
END
1 9 0 10 31
31 0 0 31 0
0 31 0 31 0
0 0 31 31 0
31 0 31 0 0
END
3 31 0 0 31
31 0 0 0 0
12 9 14 31 0
12 0 31 0 0
0 0 31 31 31
END
31 11 3 31 9
31 0 31 31 0
0 4 0 0 31
0 0 13 0 10
0 0 0 0 0
END
0 0 2 0 0
31 31 9 0 31
0 8 14 31 0
0 31 31 0 0
0 0 10 31 0
END
31 0 10 31 0
0 8 11 0 0
0 0 31 0 0
31 0 15 10 0
0 31 4 10 0
END
0 0 31 14 0
0 31 12 0 31
0 14 0 0 10
31 0 0 10 13
0 0 0 15 31
END
0 10 0 14 13
0 13 31 31 9
0 31 31 0 0
0 0 0 0 31
0 3 0 31 31
END
0 9 0 15 0
0 31 0 31 0
9 31 0 31 31
0 31 31 0 31
31 0 0 10 0
END
0 1 0 31 0
31 0 0 31 9
31 0 31 7 0
12 13 0 0 0
0 0 6 8 0
END
31 0 10 0 0
13 0 3 31 31
0 0 31 31 0
0 0 0 31 31
31 0 31 0 0
END
0 0 0 31 0
0 31 15 0 12
0 31 0 0 0
0 9 31 31 7
4 0 11 0 1
END
10 0 0 0 0
0 0 0 0 13
14 1 12 31 31
0 31 31 0 31
0 0 31 2 14
END
0 1 0 0 10
0 31 0 0 6
0 0 0 31 0
31 0 0 12 12
31 31 0 12 31
END
12 0 31 0 3
12 0 0 0 2
0 3 31 7 0
0 31 31 0 0
0 0 12 0 1
END
0 0 0 8 31
0 14 0 31 8
0 0 31 0 7
7 4 0 0 0
0 4 31 31 0
END
11 0 31 31 31
31 0 0 4 31
31 31 0 0 0
0 0 31 0 31
31 31 0 0 0
END
0 0 0 0 0
14 31 15 13 0
10 31 15 0 0
7 0 0 31 13
0 0 31 31 13
END
6 0 0 31 0
11 14 0 9 31
0 31 0 0 3
0 0 12 0 5
0 0 4 13 31
END
0 15 0 31 31
0 31 31 2 31
0 0 31 31 0
10 0 0 0 0
0 0 14 31 0
END
31 31 0 0 6
0 0 31 0 31
0 0 0 1 0
10 0 14 0 31
0 31 7 31 31
END
0 11 0 31 4
31 0 0 31 2
0 9 8 9 0
0 0 0 31 0
31 0 0 31 31
END
14 0 31 31 0
0 31 9 31 0
0 31 0 0 0
0 10 12 31 0
0 0 0 31 5
END
0 31 31 0 0
5 0 31 31 0
0 12 31 31 14
0 0 0 0 0
0 11 31 0 13
END
2 31 31 9 0
31 0 0 0 31
9 0 0 31 0
0 31 31 10 0
0 0 0 13 0
END
31 0 0 15 12
0 4 0 8 0
0 0 31 0 13
31 0 0 31 31
31 31 0 0 10
END
0 0 7 1 0
0 31 0 0 0
11 0 31 2 0
9 0 31 0 31
31 0 0 31 9
END
3 0 12 31 31
31 0 31 0 0
31 15 0 0 8
0 31 0 0 0
0 0 12 9 0
END
0 0 31 12 0
4 0 0 0 31
31 0 0 9 0
31 31 9 0 31
31 0 0 31 0
END
0 0 10 14 5
0 31 0 4 7
31 0 0 31 15
10 11 6 0 0
0 0 0 0 1
END
0 13 31 31 31
31 0 31 12 15
0 0 0 31 31
0 0 0 0 31
0 0 31 0 0
END
0 4 9 0 0
0 0 31 0 0
31 0 8 31 31
0 0 0 31 15
0 11 15 31 0
END
0 6 31 13 31
0 31 0 0 0
31 0 0 0 0
0 10 31 31 31
0 31 4 0 31
END
14 11 1 31 0
0 15 31 0 31
0 0 0 0 14
0 0 0 0 0
5 31 31 31 0
END
31 11 31 0 31
0 0 0 8 0
0 0 0 10 0
0 31 0 12 6
31 0 31 0 31
END
31 8 13 31 0
31 0 9 0 0
31 0 13 10 0
1 0 0 0 0
31 0 12 31 0
END
0 0 7 1 31
0 0 13 0 31
0 0 5 0 31
0 31 0 31 31
31 7 0 0 0
END
0 0 0 31 14
31 31 0 31 0
0 6 0 6 0
31 31 0 31 0
4 13 0 0 0
END
31 0 0 10 0
31 2 15 0 14
31 0 0 0 0
10 0 0 0 31
0 31 0 31 31
END
0 31 0 0 0
31 31 12 0 0
15 10 3 0 0
0 0 13 0 10
0 11 8 0 11
END
0 4 0 31 0
13 2 10 0 0
0 0 0 31 3
0 6 31 0 5
2 0 0 14 0
END
31 31 11 0 0
31 0 0 0 0
31 0 9 31 15
0 0 0 31 31
31 0 13 0 0
END
31 3 0 0 0
0 31 31 31 6
0 0 0 7 11
15 14 0 0 0
0 0 4 0 9
END
0 0 31 0 10
31 0 0 0 0
0 10 0 0 10
0 1 31 8 0
3 31 31 12 6
END
0 14 31 13 5
15 0 10 31 0
0 5 31 0 10
0 0 15 0 0
0 14 31 0 0
END
31 0 7 31 8
0 31 0 31 0
0 0 31 9 0
0 5 0 0 0
13 0 6 31 15
END
0 0 31 0 0
0 31 0 0 0
0 6 12 31 0
0 9 31 0 31
12 31 31 11 12
END
31 10 31 0 0
31 0 0 31 0
2 31 0 3 0
0 0 0 31 31
0 9 12 15 0
END
11 0 10 31 31
0 0 10 31 8
6 0 13 0 0
31 0 0 4 0
0 0 0 31 0
END
31 0 31 14 0
0 0 14 31 31
31 31 31 0 0
0 0 0 31 0
31 0 0 31 31
END
31 31 0 0 31
31 31 31 0 0
31 0 31 0 4
0 9 0 0 10
8 0 0 0 0
END
0 31 0 31 0
0 11 11 0 31
0 0 0 5 31
31 0 0 0 0
31 31 0 12 2
END
11 0 1 7 0
0 11 0 31 0
0 0 31 31 0
0 3 9 5 31
6 0 0 14 0
END
0 31 31 31 15
5 0 31 31 0
0 0 13 31 0
0 0 0 3 0
0 14 0 31 0
END
31 14 0 6 0
31 31 7 0 0
0 0 0 0 0
4 0 0 31 12
31 9 0 31 31
END
31 31 0 0 0
31 0 0 0 7
31 0 0 31 31
0 0 0 0 31
31 0 31 31 31
END
31 31 6 31 31
2 0 0 0 0
8 5 5 0 0
0 0 0 0 3
0 0 15 31 31
END
0 0 0 0 0
31 9 0 31 31
31 0 31 0 14
15 11 31 0 31
0 0 0 0 31
END
0 0 0 0 31
31 0 12 0 31
31 31 0 12 0
15 31 7 31 31
0 0 0 0 0
END
13 31 0 31 0
0 31 3 0 31
31 0 0 0 0
15 12 0 31 0
31 31 13 0 0
END
6 1 0 12 31
0 0 13 0 31
0 31 2 31 31
3 0 0 31 0
0 0 0 31 0
END
12 0 0 0 0
0 0 15 10 0
0 31 31 31 31
31 0 31 31 0
5 31 0 0 11
END
31 31 2 31 0
0 0 0 0 31
31 7 0 15 31
31 0 0 0 0
0 31 31 14 0
END
14 0 2 0 31
0 10 0 0 0
31 0 31 0 0
31 31 0 31 14
31 0 0 1 0
END
0 31 0 0 12
31 0 9 31 0
0 4 31 31 0
31 0 0 0 31
10 0 14 0 8
END
0 13 31 0 0
13 0 6 6 0
31 31 0 12 0
0 31 0 0 9
10 0 31 0 12
END
0 0 0 31 0
8 13 31 0 0
11 0 2 4 0
6 0 31 12 31
6 31 0 0 0
END
1 0 31 0 0
10 31 8 31 13
12 0 0 0 31
31 0 0 31 0
0 0 0 31 0
END
31 8 0 0 31
0 0 0 12 0
31 0 31 0 0
14 0 31 0 0
11 9 10 15 0
END
4 31 13 31 12
9 0 0 31 0
0 31 0 0 0
0 0 7 31 0
31 0 10 0 0
END
0 0 0 8 0
0 31 10 0 0
10 14 0 12 0
11 0 0 0 0
31 31 31 9 31
END
31 0 31 0 0
0 0 31 11 0
31 0 0 31 0
0 11 0 0 31
31 0 31 31 2
END
31 31 0 13 15
11 0 0 0 12
31 0 11 0 8
0 0 0 31 0
0 0 10 31 31
END
12 0 0 0 31
5 31 0 0 7
2 0 15 0 2
31 0 31 0 0
3 12 0 31 0
END
31 0 8 31 0
11 0 31 31 31
0 0 5 31 0
0 0 0 0 31
0 31 0 0 31
END
0 31 0 0 0
31 31 12 31 0
1 5 31 0 0
0 0 0 0 0
1 31 31 0 1
END
31 0 0 13 31
0 0 4 31 31
0 0 0 0 12
9 0 0 10 0
31 31 31 9 0
END
0 0 31 0 31
31 0 0 31 31
2 31 2 9 31
31 0 0 0 31
0 0 0 0 11
END
31 3 31 31 0
31 31 31 31 0
0 31 0 0 0
0 0 6 31 14
31 0 0 0 0
END
11 31 0 0 0
3 31 31 0 0
0 31 0 0 31
31 0 9 0 0
11 0 4 8 0
END
0 31 31 31 31
13 31 10 1 4
0 0 0 0 0
14 14 0 0 2
0 0 0 9 0
END
0 0 31 13 31
0 31 0 31 11
0 31 0 31 0
31 0 0 31 31
0 0 0 7 0
END
11 0 0 0 0
0 10 0 31 31
0 11 0 0 31
11 14 31 0 31
31 31 31 0 0
END
31 14 0 0 31
0 0 31 0 9
0 31 0 31 0
0 31 14 31 0
0 31 7 8 0
END
12 0 31 12 31
31 0 0 31 0
0 0 0 0 0
31 0 0 31 9
0 15 7 11 0
END
31 0 6 0 31
7 0 31 31 0
0 0 0 10 9
31 0 0 0 0
0 31 31 31 31
END
31 0 0 31 11
0 0 31 31 0
31 3 31 0 0
0 31 31 9 0
0 0 0 31 0
END
0 2 0 0 0
2 31 7 0 0
31 0 31 31 0
0 0 6 31 14
0 0 6 15 0
END
0 7 31 0 0
31 14 0 31 10
31 31 31 0 0
31 0 0 11 0
0 0 31 0 31
END
0 0 0 4 31
31 5 31 0 8
0 31 0 0 31
0 0 31 31 0
1 11 0 0 31
END
9 0 31 31 31
31 0 0 10 14
0 10 0 13 0
0 31 0 0 0
0 0 9 31 0
END
13 10 0 15 31
0 12 14 1 31
0 31 8 0 31
0 31 0 0 0
0 0 0 0 31
END
10 0 0 31 31
15 7 0 0 0
31 31 0 0 14
0 0 0 31 0
15 11 0 2 31
END
0 0 5 31 0
0 31 0 10 0
0 13 31 31 31
15 15 0 0 10
0 0 0 12 31
END
12 10 9 15 7
0 0 31 31 31
31 3 0 0 0
31 0 0 0 0
12 0 0 0 0
END
0 31 31 0 31
0 31 31 31 9
0 0 0 31 0
0 0 31 31 31
0 0 0 31 31
END
31 0 0 4 31
7 0 31 0 0
7 31 0 0 10
0 0 10 0 31
0 12 31 0 0
END
0 0 0 3 0
0 0 0 31 31
1 10 10 31 0
31 12 0 15 0
9 0 0 31 31
END
0 31 31 0 0
11 14 14 31 0
15 0 0 31 0
14 0 0 0 9
0 0 31 0 31
END
0 31 0 0 31
0 0 0 0 0
9 0 1 31 31
0 31 31 0 0
13 31 31 6 15
END
7 11 0 0 0
0 0 31 0 0
0 31 13 8 0
8 0 8 0 10
31 0 15 10 0
END
0 31 12 31 0
0 0 0 0 14
0 31 31 31 31
0 31 31 15 11
0 0 0 0 31
END
31 0 31 31 31
0 31 0 14 0
9 0 3 0 0
31 0 31 0 0
31 31 0 0 31
END
31 31 0 0 31
0 11 15 0 0
31 12 13 0 0
31 0 0 31 0
0 0 0 31 31
END
0 31 0 0 0
0 11 13 31 31
0 15 31 0 31
0 0 0 0 31
4 9 31 0 0
END
0 12 31 0 31
0 0 0 0 0
0 0 0 31 31
0 5 0 31 2
7 6 0 12 15
END
31 15 0 13 0
0 31 31 0 11
0 0 0 0 31
0 31 0 31 0
31 12 9 0 0
END
0 31 31 0 0
0 31 15 0 0
31 0 9 0 0
0 14 31 31 31
31 0 31 0 0
END
0 0 0 31 31
0 0 0 11 9
31 31 12 12 0
31 0 0 0 31
31 0 0 15 4
END
0 31 0 31 3
0 31 0 14 11
0 0 14 0 31
31 31 0 0 0
31 0 0 31 0
END
0 0 0 31 0
31 31 14 13 0
0 0 0 31 31
31 0 0 0 9
31 15 15 0 0
END
0 0 0 31 31
7 10 0 0 15
31 0 31 13 0
0 0 11 31 0
0 31 0 31 31
END
0 0 0 4 0
0 8 31 0 31
0 0 31 0 31
31 1 0 0 14
31 6 0 11 0
END
0 31 0 0 0
31 12 31 0 0
31 31 0 0 0
31 0 0 31 7
31 31 0 31 31
END
0 0 11 0 31
12 0 11 0 0
31 31 31 31 31
31 0 31 0 0
0 7 0 0 0
END
31 31 0 0 13
0 13 0 14 0
0 0 31 0 31
0 0 0 31 31
9 0 31 31 31
END
0 0 31 0 31
1 31 15 0 0
0 0 31 31 31
0 0 31 0 7
0 31 0 2 0
END
31 31 0 0 0
1 0 31 31 10
31 10 0 0 0
31 0 0 0 15
31 0 31 31 0
END
13 3 31 0 0
31 0 31 1 0
0 0 0 0 0
4 31 0 31 0
0 15 2 0 31
END
31 0 0 5 0
31 1 0 31 12
9 0 0 10 7
1 0 0 0 0
10 31 31 0 0
END
0 0 0 13 0
14 31 0 0 0
31 14 0 0 31
7 11 15 0 31
0 14 11 0 0
END
31 0 0 9 0
0 13 0 0 31
31 31 0 0 31
0 31 31 0 8
0 0 31 1 0
END
0 11 0 0 31
3 13 0 9 31
14 0 0 31 31
31 0 31 0 0
31 0 0 31 0
END
9 0 0 0 31
11 31 0 31 0
0 0 0 0 31
11 31 0 0 31
0 31 31 11 0
END
0 1 31 0 0
13 31 0 0 0
0 7 0 0 0
31 5 31 31 0
0 1 0 31 31
END
4 0 0 0 31
0 0 0 31 0
13 13 0 0 0
10 11 4 7 0
31 10 0 0 31
END
0 11 0 31 6
31 10 9 0 0
0 31 4 31 0
0 31 31 0 0
0 4 0 31 0
END
31 13 31 0 0
31 10 0 10 0
0 0 0 0 31
31 31 31 0 0
31 0 0 31 0
END
13 31 0 0 13
0 0 0 0 0
31 13 0 0 31
0 12 31 13 31
0 0 31 10 31
END
10 31 0 14 31
0 31 0 0 0
13 0 10 0 0
0 0 0 8 31
0 31 31 10 0
END
7 31 0 0 5
14 4 0 31 0
0 31 0 0 13
31 0 0 31 31
0 31 0 0 0
END
0 0 31 31 0
0 0 31 31 0
31 31 31 5 0
31 0 0 31 31
0 31 0 0 14
END
0 31 0 31 31
31 0 31 31 0
0 0 0 2 31
31 11 0 31 31
0 0 0 11 0
END
0 0 31 0 0
0 0 0 14 31
0 0 0 2 31
31 31 14 31 31
4 0 3 0 31
END
0 31 10 0 0
0 7 0 5 0
0 0 31 5 7
31 0 31 31 0
0 0 31 13 0
END
0 1 0 0 0
0 0 13 0 0
31 0 0 0 31
31 0 12 8 0
31 31 31 5 9
END
0 0 0 0 0
0 31 6 31 0
13 0 0 31 31
31 4 0 13 31
0 31 0 0 31
END
1 8 0 0 0
31 0 0 0 31
31 31 31 31 31
6 0 0 31 0
31 0 4 0 0
END
0 0 0 31 31
31 0 31 0 0
0 0 4 31 31
0 0 0 31 0
31 0 31 31 31
END
12 4 0 31 0
31 9 0 31 3
31 0 0 0 0
31 0 0 0 31
1 31 0 31 0
END
14 31 0 0 0
0 0 0 31 1
0 0 0 31 31
0 31 15 0 31
13 9 13 0 31
END
31 0 31 11 0
31 31 0 0 0
0 0 9 0 0
0 11 31 6 31
31 0 31 0 9
END
0 15 31 0 0
0 0 0 0 31
0 0 31 0 31
0 0 8 31 0
6 2 11 13 11
END
31 0 8 0 13
0 2 0 15 31
4 6 10 31 0
0 0 0 0 31
0 0 8 0 0
END
0 0 15 0 0
31 31 31 0 0
31 0 0 31 0
0 0 31 31 31
31 7 10 0 0
END
10 4 0 31 15
0 31 0 0 0
31 31 12 31 3
0 0 31 8 0
0 0 0 4 0
END
0 0 31 14 0
0 0 0 0 5
31 31 5 0 0
31 31 15 10 0
0 0 0 31 31
END
9 0 0 0 31
0 0 31 31 13
0 0 6 31 0
11 31 0 0 0
10 14 31 13 0
END
0 31 0 31 5
31 31 0 0 0
0 3 0 10 31
31 0 0 7 0
0 12 0 31 31
END
10 0 0 31 0
0 0 0 0 31
0 14 0 31 13
1 31 4 31 31
0 0 31 0 0
END
0 0 31 0 31
31 0 8 0 7
1 31 13 0 0
15 31 0 12 0
0 0 0 9 0
END
0 0 7 0 31
31 0 31 0 0
31 31 31 1 0
0 0 0 0 0
9 31 1 0 14
END
0 31 13 31 31
0 0 15 0 0
10 0 31 31 0
31 0 0 15 31
31 1 0 0 0
END
31 0 31 0 0
0 0 13 13 11
0 6 0 31 0
31 31 31 0 0
0 0 31 0 31
END
0 0 0 0 0
14 14 0 12 31
0 31 0 31 11
0 31 31 0 31
0 0 13 0 31
END
11 31 0 0 0
6 0 31 31 0
31 6 0 0 31
0 0 31 4 0
0 0 31 0 31
END
0 11 31 0 13
10 0 31 0 0
0 31 15 0 0
0 0 5 9 15
31 0 13 31 0
END
0 0 11 6 31
31 0 0 0 0
31 31 0 31 31
0 15 0 31 13
0 4 0 0 10
END
11 0 31 31 0
0 0 0 0 31
31 13 0 31 2
31 0 0 4 0
31 31 12 0 0
END
31 31 0 0 0
0 11 31 0 0
3 0 31 31 9
0 12 0 31 0
0 8 0 0 31
END
0 31 31 31 0
0 0 0 0 31
31 13 0 31 0
31 0 0 31 31
0 12 12 9 0
END
31 4 0 0 0
0 9 4 12 31
0 0 0 0 0
0 13 13 0 31
15 5 31 0 0
END
5 0 0 0 13
31 0 0 0 0
11 0 0 0 31
0 31 31 31 31
14 31 0 9 31
END
0 0 15 14 14
31 0 0 0 11
9 0 0 0 0
31 31 5 0 31
31 31 0 0 0
END
0 0 31 31 31
31 15 31 10 0
1 0 0 0 31
0 0 0 11 31
0 0 0 0 11
END
0 31 0 0 31
0 31 31 11 0
14 11 0 0 0
31 31 0 31 0
31 0 15 0 0
END
13 0 0 31 31
31 0 0 0 12
9 0 12 13 0
3 3 31 0 0
9 0 31 0 0
END
11 5 0 0 0
31 0 0 0 0
11 31 31 0 0
0 0 14 13 31
31 0 31 31 13
END
0 31 0 10 0
15 31 0 31 0
0 31 0 0 31
0 0 31 31 31
12 0 0 12 31
END
0 0 31 0 31
31 31 31 0 0
7 0 31 0 31
0 0 0 31 0
0 31 0 3 31
END
0 31 31 0 0
9 31 31 31 0
31 0 0 0 15
11 0 0 0 11
15 6 0 0 31
END
0 3 31 0 0
0 31 0 0 13
12 0 0 31 0
31 0 7 0 5
13 31 0 5 31
END
3 0 31 0 14
31 0 0 0 31
6 12 2 0 15
0 14 31 31 0
0 0 0 31 0
END
0 0 0 31 31
0 13 31 13 12
31 0 0 10 31
0 31 0 0 0
0 31 3 0 11
END
14 0 31 0 0
9 31 0 31 0
0 3 14 0 0
0 0 31 0 0
15 31 9 31 0
END
0 11 31 0 31
0 0 0 31 0
0 31 31 0 0
6 13 0 0 31
0 4 31 31 0
END
0 10 31 0 0
0 14 31 31 0
11 0 0 3 0
0 31 0 0 4
31 6 0 31 0
END
0 0 0 10 31
0 0 31 31 0
0 0 2 7 7
0 0 31 0 31
31 31 0 13 0
END
0 14 31 0 0
0 0 9 0 31
0 15 4 0 0
0 0 31 10 4
31 8 0 31 0
END
31 11 6 31 0
31 0 0 31 31
9 0 0 0 31
0 14 7 2 0
0 0 0 0 0
END
12 0 0 31 15
3 0 31 31 0
31 0 13 31 0
15 0 0 31 0
0 0 0 31 31
END
15 6 31 0 31
0 0 8 11 12
0 31 0 0 31
31 0 0 31 15
0 0 0 0 31
END
14 9 0 0 0
0 0 31 11 0
31 3 31 31 31
0 31 0 31 31
0 0 31 0 0
END
0 31 0 31 0
31 1 9 12 11
0 0 31 0 31
31 0 0 6 0
0 4 0 0 31
END
12 31 10 31 0
31 0 0 13 0
0 1 31 0 5
4 0 31 0 0
0 0 0 0 31
END
0 31 2 0 0
31 0 0 31 0
0 31 31 3 0
15 0 0 31 31
0 0 31 31 0
END
0 0 31 31 0
0 0 0 31 0
0 31 31 31 6
11 0 0 31 0
31 0 31 0 31
END
0 0 31 0 31
31 14 31 31 0
0 31 0 0 0
31 31 10 0 14
0 13 0 0 0
END
0 0 0 0 31
13 0 0 5 31
31 0 11 0 0
0 31 2 31 0
0 31 31 14 0
END
0 31 0 31 0
0 0 11 12 0
31 0 0 11 0
0 31 0 31 31
31 15 31 31 0
END
0 8 2 0 31
0 0 31 0 0
31 0 15 0 3
3 6 0 3 31
0 12 0 0 0
END
0 31 12 31 0
31 0 0 0 0
0 0 0 31 15
31 3 31 0 7
1 0 0 6 0
END
0 0 0 12 3
10 0 0 0 31
31 0 0 31 0
0 31 6 0 1
0 31 0 5 31
END
0 31 31 0 0
0 6 1 0 31
0 11 0 0 31
0 0 31 31 9
0 0 31 31 0
END
0 31 0 31 0
31 15 31 0 31
0 0 31 31 31
31 0 0 0 10
31 15 0 0 0
END
0 14 0 31 1
15 31 0 0 0
0 0 31 31 0
0 0 15 0 14
31 31 15 0 31
END
12 0 31 0 10
0 31 0 0 0
8 0 0 31 31
1 0 0 10 0
31 8 31 0 0
END
31 31 13 0 31
6 31 0 31 11
10 0 0 3 0
0 0 0 0 0
0 2 11 0 12
END
0 0 0 0 31
13 0 10 0 31
31 31 0 31 0
15 0 31 11 31
0 0 5 11 0
END
7 31 0 0 0
31 12 0 31 0
31 0 13 0 0
0 31 31 2 0
0 11 9 31 0
END
0 0 31 31 0
7 31 15 0 3
0 31 31 0 31
0 15 31 0 0
10 0 31 0 0
END
0 31 10 31 31
31 0 0 0 0
10 5 14 0 0
31 0 0 3 31
0 0 31 0 0
END
0 0 0 15 31
31 11 0 0 0
0 0 31 4 31
31 31 0 5 31
0 14 0 0 31
END
0 0 0 14 0
31 0 31 14 31
31 0 0 31 9
0 4 0 0 0
0 12 0 31 1
END
0 13 0 0 0
31 0 0 31 9
7 13 31 13 31
31 0 31 0 0
31 0 0 0 0
END
0 31 31 5 31
0 0 31 0 6
6 31 0 0 0
0 0 31 0 12
31 31 0 31 0
END
31 0 0 8 10
1 0 15 31 0
0 0 0 0 0
0 31 0 0 31
13 31 31 31 31
END
0 31 0 13 31
11 0 12 0 31
14 12 0 0 0
15 7 0 0 0
31 0 0 31 0
END
31 4 7 31 0
0 12 0 0 0
6 0 0 0 9
31 0 31 0 31
0 31 0 0 31
END
0 0 0 13 5
0 0 15 11 0
31 0 31 31 0
1 0 31 31 0
14 0 0 0 31
END
0 0 31 0 15
0 10 2 0 0
0 0 31 0 0
11 0 10 31 31
0 31 31 31 0
END
0 0 31 31 0
0 5 0 0 31
0 14 31 0 15
0 31 31 0 31
8 0 0 2 13
END
31 31 0 0 0
0 12 0 0 0
31 0 0 2 31
0 31 0 31 0
31 31 31 11 2
END
0 31 31 15 0
0 14 0 0 31
31 0 31 0 0
0 9 0 0 31
0 31 0 31 31
END
0 0 0 0 31
0 0 0 31 4
0 31 31 13 0
0 31 0 9 31
0 1 12 31 0
END
31 31 0 0 31
31 11 0 0 0
31 13 11 31 0
0 0 5 31 0
31 0 0 0 0
END
31 5 31 0 31
31 31 0 0 0
13 0 0 0 31
15 0 0 0 0
0 0 31 10 14
END
31 0 31 0 31
31 0 0 0 0
0 0 14 9 0
0 13 8 31 0
2 0 31 0 31
END
31 0 0 31 1
0 0 0 31 0
31 0 31 31 0
0 0 0 31 0
31 31 31 31 0
END
0 6 0 31 0
0 15 31 31 9
11 13 0 0 31
0 31 3 0 10
0 13 0 0 0
END
0 0 0 0 0
31 31 1 0 10
0 31 31 1 8
0 0 0 15 11
0 0 0 2 31
END
0 1 9 0 10
31 0 31 0 31
31 31 0 0 0
0 0 3 31 31
0 31 0 15 0
END
6 31 11 0 0
0 7 31 0 12
0 0 0 0 14
31 9 14 0 0
15 0 31 0 31
END
0 0 31 31 0
31 31 31 14 0
0 31 2 13 0
31 0 14 0 0
0 31 0 31 0
END
0 15 0 13 13
0 0 0 15 31
0 0 31 0 31
0 13 31 31 0
0 14 9 13 0
END
31 0 0 0 0
0 31 31 31 15
0 31 0 0 0
14 31 0 0 0
9 9 12 31 14
END
0 0 2 31 0
0 31 0 0 9
10 31 31 0 0
0 31 6 31 0
31 31 0 0 15
END
0 31 0 31 0
0 0 31 0 0
0 31 31 0 1
0 5 0 3 9
31 0 0 31 31
END
0 0 0 9 0
11 0 0 2 6
0 31 31 0 31
10 31 31 31 0
8 0 0 13 0
END
31 31 0 31 7
12 31 31 31 10
0 0 0 31 0
31 31 0 31 0
0 0 0 0 0
END
0 0 31 0 0
1 10 9 0 0
0 0 1 31 31
15 13 31 0 0
0 31 0 0 31
END
11 0 0 31 0
31 31 0 0 10
0 0 0 8 0
14 0 31 31 10
0 0 7 13 7
END
31 0 1 0 0
31 31 0 31 0
10 0 31 31 0
5 31 4 0 0
31 0 0 0 31
END
0 0 0 10 0
14 7 0 12 0
0 0 1 31 0
31 31 11 0 8
31 0 31 0 0
END
31 0 0 0 9
0 31 0 31 0
12 0 31 0 0
31 0 31 0 31
31 11 13 0 31
END
31 9 0 31 31
14 31 4 0 0
31 0 0 0 11
0 31 3 0 0
0 31 31 0 0
END
0 31 0 31 0
0 0 1 12 10
0 31 31 13 0
2 3 0 0 31
0 4 0 0 0
END
0 31 31 31 31
0 0 0 31 8
31 31 31 0 0
0 31 9 0 0
0 0 0 0 13
END
31 0 10 0 31
31 6 0 31 0
31 0 0 7 0
5 0 0 31 31
31 4 0 0 0
END
0 0 0 0 31
11 10 0 0 31
31 0 11 31 0
0 31 3 31 0
0 12 0 0 15
END
0 0 31 31 0
31 31 0 0 0
13 31 0 31 0
0 31 31 13 31
31 31 0 0 0
END
31 31 0 10 0
0 0 8 31 31
0 14 0 9 0
9 31 31 0 0
0 0 31 0 31
END
31 31 31 0 0
9 0 31 0 31
31 0 31 31 31
12 31 0 0 0
0 9 0 0 0
END
0 0 0 0 31
31 31 31 0 0
0 0 0 31 12
31 15 0 14 31
31 0 13 11 0
END
15 0 31 31 0
0 0 3 11 2
31 31 0 0 0
31 31 0 0 14
0 31 0 31 0
END
0 31 31 0 31
0 0 0 0 10
31 0 12 31 0
31 0 31 1 0
31 0 0 0 9
END
0 31 0 31 31
31 0 0 31 10
0 31 13 31 0
5 0 0 0 0
31 0 31 0 0
END
15 0 0 31 8
0 31 31 0 10
0 31 0 14 0
0 31 0 0 31
11 0 0 0 15
END
2 0 0 0 13
0 0 0 31 0
14 0 31 0 0
4 0 10 31 31
31 31 0 0 31
END
0 0 31 31 31
9 0 31 0 31
31 31 0 0 31
0 31 31 0 0
0 14 0 0 31
END
9 31 31 12 7
0 31 31 3 0
3 31 0 0 0
11 0 12 1 0
0 0 0 0 0
END
0 0 0 0 9
11 0 0 10 0
6 0 0 0 13
13 31 0 0 31
0 31 31 31 31
END
0 9 12 31 0
13 31 6 6 0
11 9 0 31 14
0 0 0 0 0
31 14 0 0 0
END
31 0 0 31 0
0 0 1 31 0
0 31 13 0 2
9 0 31 31 31
0 0 0 0 31
END
31 0 0 0 31
0 31 0 0 0
11 0 31 31 31
0 0 0 31 11
0 15 0 2 13
END
0 12 0 0 31
9 0 31 13 31
0 0 5 0 13
8 0 31 0 0
0 14 31 31 0
END
31 0 0 0 0
31 12 31 11 31
0 6 0 13 13
0 0 0 11 0
0 0 8 13 0
END
0 0 31 5 7
0 31 0 31 31
0 31 0 3 7
0 31 0 0 0
31 0 0 31 0
END
11 0 0 31 4
0 0 0 0 12
0 31 0 0 31
7 0 31 11 31
12 31 0 15 0
END
0 0 0 3 0
0 31 31 31 9
12 31 0 0 0
7 9 0 0 31
0 31 31 4 0
END
2 4 7 0 0
0 0 15 0 31
31 0 31 0 0
31 6 31 0 0
0 0 31 0 8
END
0 0 0 31 0
0 2 0 14 5
0 15 0 9 9
0 31 0 0 9
31 13 0 31 31
END
31 1 31 31 0
0 6 0 0 0
3 0 0 0 0
31 31 0 13 31
10 0 13 0 31
END
31 31 0 0 31
0 11 0 13 12
10 31 14 0 31
0 0 0 31 0
0 0 0 31 31
END
0 4 0 0 0
3 31 14 0 31
14 0 31 0 31
5 31 0 5 0
0 0 0 0 31
END
10 14 31 0 0
0 31 0 31 31
0 10 0 31 0
31 6 31 10 0
10 0 0 0 0
END
0 31 31 14 0
31 31 31 31 0
1 0 31 0 0
0 31 12 0 0
0 4 0 31 0
END
0 11 9 0 0
14 0 0 31 0
0 31 11 31 31
0 0 31 31 0
31 31 0 0 0
END
31 31 10 0 31
0 0 0 0 2
13 31 31 31 0
0 31 31 31 0
0 0 31 0 0
END
0 0 31 31 31
0 31 31 0 0
13 31 0 0 0
0 0 6 31 7
0 0 15 31 31
END
0 2 14 10 0
6 0 0 0 31
1 0 0 31 11
0 31 31 31 0
0 0 0 14 3
END
0 0 31 0 0
0 0 31 31 14
31 0 31 0 0
15 0 31 0 7
15 31 0 31 31
END
31 31 15 0 0
6 14 0 5 0
31 31 31 14 31
0 31 0 0 0
0 0 0 31 0
END
31 31 31 31 31
0 0 0 31 31
13 31 0 4 0
0 31 0 0 0
0 15 31 0 0
END
31 11 0 31 31
1 13 0 31 12
13 0 0 0 0
0 0 0 31 0
0 0 15 0 31
END
31 0 31 5 2
0 31 0 31 31
31 0 31 31 0
31 15 0 0 3
0 0 0 0 0
END
10 0 0 31 0
15 0 31 31 0
31 0 0 0 31
0 15 31 0 31
0 31 0 8 12
END
31 11 0 0 0
31 13 0 3 6
31 31 15 0 0
0 0 31 0 0
31 0 8 0 31
END
0 31 0 0 0
31 31 10 1 12
0 31 0 0 0
0 31 0 31 31
31 0 31 0 1
END
0 0 31 31 31
0 31 0 0 12
0 0 6 0 31
7 0 0 31 31
11 0 0 31 0
END
0 0 0 10 0
0 7 31 11 31
0 0 0 31 31
0 0 31 6 13
8 31 0 0 31
END
31 14 0 0 0
5 0 0 31 0
12 0 3 0 13
0 5 0 0 0
31 11 0 31 9
END
0 0 13 15 7
31 0 10 14 31
31 0 0 0 31
31 31 0 0 0
0 31 0 0 0
END
31 31 31 10 0
0 31 0 31 31
0 0 31 0 0
0 0 0 14 31
31 0 0 31 0
END
0 7 31 0 0
10 0 31 31 0
0 0 31 2 13
0 0 31 31 12
0 0 0 7 14
END
0 0 31 9 0
12 0 10 31 31
9 0 0 5 8
0 0 0 11 0
31 0 31 0 13
END
0 0 31 15 0
12 0 1 31 31
0 0 31 0 0
11 9 0 0 11
11 8 0 0 12
END
4 0 0 0 11
0 31 0 31 0
0 12 0 0 14
0 5 15 31 31
0 0 0 10 31
END
0 0 31 0 31
0 31 31 15 4
31 0 0 31 0
0 0 12 3 0
11 0 11 0 0
END
31 31 0 15 31
10 31 31 0 0
31 0 0 0 31
0 0 12 0 0
0 0 31 31 14
END
14 0 0 0 31
13 14 0 0 0
0 31 0 31 0
10 31 9 31 0
31 13 0 10 0
END
15 31 0 5 0
0 0 0 0 12
31 31 0 10 8
9 3 0 0 0
0 31 0 31 31
END
0 0 0 7 31
0 0 3 0 31
31 0 0 11 31
31 1 31 0 31
0 0 0 31 0
END
31 0 31 0 0
8 7 1 0 0
9 31 0 12 0
12 3 0 31 0
0 0 0 31 31
END
31 0 0 31 0
31 31 0 0 0
31 0 31 0 31
31 0 0 15 0
31 31 0 0 31
END
0 0 31 31 0
0 13 2 31 31
0 0 0 0 31
11 4 0 31 0
0 7 31 0 31
END
3 0 0 0 31
31 0 0 0 6
12 0 3 15 0
31 31 31 11 0
0 0 0 0 15
END
0 0 31 0 0
14 31 0 14 31
7 31 0 0 11
31 0 0 0 0
0 8 14 31 9
END
0 0 0 0 0
0 31 13 9 0
0 0 0 31 0
31 31 14 11 14
15 0 0 31 31
END
0 0 0 7 0
31 0 31 0 6
0 31 15 0 31
15 0 0 0 0
0 31 31 31 31
END
10 0 31 31 0
0 0 14 14 0
0 0 31 11 31
31 14 31 0 31
0 0 0 0 0
END
31 31 0 0 0
0 31 0 9 0
0 31 31 0 0
31 0 3 0 4
4 0 4 15 31
END
10 0 0 0 31
0 31 0 31 31
31 10 0 0 0
0 0 31 31 31
31 9 0 0 0
END
0 0 0 0 0
31 31 13 2 0
0 31 0 31 31
0 12 31 0 31
31 0 31 0 0
END
31 0 0 31 31
0 31 31 15 0
0 0 0 31 4
0 31 31 0 0
0 31 31 0 0
END
31 14 0 0 31
0 3 31 0 0
31 0 31 0 0
31 3 14 31 12
0 5 0 0 0
END
10 0 0 31 31
0 31 31 10 0
0 0 0 0 31
0 31 31 0 0
31 11 0 14 31
END
10 0 31 0 31
0 2 31 0 0
0 15 0 31 4
31 12 0 9 0
0 0 7 0 0
END
15 0 13 0 9
31 0 0 9 0
31 0 31 0 0
0 0 0 0 31
31 31 6 31 10
END
0 0 31 12 0
0 31 0 0 31
0 6 9 31 0
31 0 31 31 0
31 2 31 0 0
END
0 6 31 8 31
0 0 12 31 31
0 0 0 31 13
0 0 31 0 0
0 0 1 0 11
END
0 10 31 0 31
31 31 0 0 31
0 15 0 0 0
31 31 0 0 31
0 0 10 31 0
END
31 0 0 31 31
0 0 31 31 31
0 31 2 9 0
0 31 31 0 0
11 31 0 0 0
END
0 11 11 0 31
31 0 0 0 0
7 0 8 31 31
0 31 31 0 31
0 0 9 31 0
END
0 0 31 31 14
0 31 0 8 31
0 31 31 8 0
0 0 0 31 31
0 14 0 0 0
END
31 0 12 0 0
31 13 10 0 0
0 0 31 6 31
15 0 0 0 15
0 0 0 31 14
END
0 31 0 0 31
31 0 0 31 0
0 0 31 31 31
3 31 0 31 0
31 31 14 0 0
END
9 31 6 31 0
6 31 0 31 0
0 14 0 31 13
2 0 31 0 0
0 0 9 0 0
END
0 31 0 0 0
0 0 31 0 31
31 0 31 31 0
31 6 0 0 15
31 8 0 31 31
END
0 5 0 0 0
0 31 31 0 0
0 0 31 31 31
4 31 0 31 9
31 31 0 0 0
END
0 31 0 0 0
12 0 14 31 31
31 0 0 31 0
0 6 1 0 0
31 31 0 0 31
END
31 0 10 31 0
13 9 5 0 0
31 15 0 0 0
0 31 0 31 0
31 0 0 31 0
END
31 0 31 0 0
31 31 0 31 31
0 8 0 31 0
13 31 0 0 13
0 0 0 0 31
END
0 31 0 31 0
3 0 31 31 0
31 0 31 0 0
31 0 0 0 4
0 2 0 31 11
END
0 12 0 14 0
31 31 31 0 0
31 31 0 31 0
0 0 31 0 0
0 31 9 0 2
END
0 0 2 13 11
0 31 13 31 31
0 9 0 0 31
0 0 0 0 31
0 0 31 10 0
END
14 0 0 31 8
0 0 0 0 31
31 31 0 31 0
0 0 0 31 0
7 31 31 31 0
END
0 31 0 31 0
15 0 0 2 31
0 15 14 0 31
31 14 0 0 0
0 0 10 0 31
END
31 0 10 31 0
0 31 12 3 0
31 0 31 31 0
0 0 4 31 15
0 0 0 0 31
END
31 31 14 0 31
31 31 31 9 31
0 0 0 31 0
0 4 0 0 31
0 0 0 8 0
END
0 12 0 0 31
0 31 10 5 31
2 0 0 31 9
3 0 0 31 0
0 11 0 0 0
END
0 0 0 3 12
31 31 0 31 31
0 31 0 31 31
0 31 0 31 0
0 6 0 0 31
END
31 0 0 0 0
7 0 31 0 31
0 8 0 31 10
0 0 31 0 0
31 0 12 31 31
END
31 0 0 31 0
0 0 12 31 31
0 0 31 31 31
31 0 31 0 10
31 0 0 0 0
END
3 0 13 0 0
0 31 0 0 31
0 10 31 10 0
31 6 9 31 31
31 0 0 0 0
END
31 10 7 0 0
31 0 0 0 12
0 0 0 0 0
31 0 0 31 0
3 10 31 10 31
END
0 0 31 0 31
9 14 0 0 0
0 31 11 31 0
0 0 0 13 0
31 14 0 31 31
END
0 0 31 12 0
0 31 1 31 0
31 0 8 0 0
31 0 14 31 0
31 0 0 31 0
END
0 0 0 31 31
11 0 31 0 14
0 31 0 31 0
0 9 31 0 0
31 31 0 0 4
END
0 0 0 10 0
14 0 31 0 13
5 31 31 31 0
31 31 0 31 3
0 15 0 0 0
END
0 0 31 0 13
11 11 0 14 0
31 4 0 15 31
0 0 0 11 0
31 0 0 4 1
END
31 31 0 0 0
0 0 0 31 31
31 0 0 2 0
31 3 31 14 0
0 0 31 0 31
END
0 31 31 0 10
9 0 0 31 31
0 31 14 0 8
0 0 0 0 9
0 7 0 13 31
END
31 0 31 0 0
15 0 2 0 31
11 0 31 0 0
0 31 31 0 31
9 31 0 0 0
END
0 31 0 5 0
0 0 0 0 0
0 9 31 0 31
0 31 31 0 9
31 31 31 0 31
END
0 0 31 31 0
31 6 31 31 5
31 0 0 0 0
0 0 0 31 31
31 6 6 0 0
END
0 9 0 3 31
0 0 15 9 0
0 0 12 0 1
12 15 0 0 31
31 0 0 0 2
END
0 13 31 13 31
0 0 0 0 3
0 0 0 2 31
0 31 31 0 8
31 31 0 0 31
END
0 0 0 12 31
0 0 31 4 0
0 31 31 0 0
0 0 0 6 31
31 13 0 3 31
END
0 31 0 0 9
14 10 31 0 12
3 9 14 0 31
0 0 0 31 0
31 0 0 31 0
END
31 31 0 0 0
0 0 14 31 0
0 0 31 0 31
13 15 11 31 0
11 0 31 0 0
END
0 31 0 0 7
13 0 0 31 31
0 0 0 31 0
0 11 31 13 0
14 31 0 0 31
END
10 31 31 0 31
0 11 0 0 0
0 14 31 31 0
0 31 0 0 31
0 31 0 0 31
END
0 0 31 0 13
0 31 31 0 31
0 31 0 31 31
0 31 31 31 0
0 31 0 31 0
END
0 0 4 12 0
0 31 31 15 0
0 0 9 0 5
31 0 31 0 0
11 31 0 5 0
END
0 31 3 15 0
0 0 31 0 0
31 0 31 0 31
0 31 0 4 9
14 0 5 0 0
END
0 1 3 0 0
0 0 0 8 0
2 15 0 31 31
3 31 0 0 0
0 31 0 14 8
END
0 8 11 8 12
2 0 4 0 0
0 5 0 0 31
0 0 0 11 9
1 31 0 31 0
END
0 0 31 31 14
0 0 0 31 31
0 9 31 0 12
0 0 31 31 31
0 0 0 2 15
END
0 0 31 0 0
31 0 2 31 31
0 0 31 31 0
0 0 31 9 31
13 0 0 31 12
END
31 31 3 31 31
0 31 31 31 0
0 0 0 31 0
10 0 0 11 10
0 0 0 0 0
END
0 0 31 31 0
31 31 13 10 0
0 31 7 0 11
0 0 0 0 0
31 6 15 0 0
END
0 9 0 0 2
31 11 31 31 7
0 8 31 4 0
0 0 31 0 0
0 0 13 31 0
END
6 31 7 12 0
2 0 31 0 11
0 0 0 31 0
31 0 0 0 0
9 0 13 0 31
END
0 0 0 3 31
0 0 0 8 0
31 12 31 31 31
0 0 15 0 9
31 0 0 0 13
END
0 11 31 0 0
0 0 0 31 31
5 0 14 31 0
31 0 14 31 9
0 0 0 31 0
END
10 12 31 0 0
4 12 0 0 0
31 31 0 0 11
0 0 15 3 0
0 0 31 0 31
END
0 10 0 0 31
0 3 12 9 15
0 0 2 0 14
31 0 0 31 31
0 31 0 0 0
END
0 0 0 0 31
31 0 0 0 0
0 31 31 31 0
31 0 31 1 31
0 31 13 31 0
END
31 1 31 0 0
0 0 0 0 11
0 0 0 12 8
1 31 0 10 0
0 31 31 0 11
END
31 0 0 10 0
0 9 31 0 0
10 13 0 31 0
0 0 9 15 9
0 31 0 15 15
END
0 6 15 9 0
31 0 31 31 31
0 12 0 0 31
31 0 0 31 31
0 0 31 0 0
END
2 13 31 31 0
0 0 0 0 0
0 31 0 31 0
9 31 31 31 31
0 31 0 0 31
END
0 0 31 31 31
4 6 1 31 31
0 31 0 0 0
31 0 0 0 0
31 0 6 0 10
END
2 31 31 0 0
31 0 0 31 0
0 0 31 31 31
31 9 0 0 0
0 31 31 0 0
END
31 0 31 0 0
31 0 0 0 0
31 31 0 0 31
31 15 0 0 8
0 31 31 0 8
END
0 31 14 0 11
31 0 0 0 31
15 0 0 0 0
0 0 31 4 0
31 0 31 7 31
END
0 0 31 31 31
31 31 13 0 31
0 31 0 31 31
0 0 31 0 10
0 3 0 0 0
END
0 10 31 31 31
0 31 0 31 0
10 0 15 12 31
0 31 0 0 31
31 0 0 0 0
END
5 2 0 31 5
0 31 31 31 4
0 0 12 0 0
3 0 31 0 31
0 0 0 31 0
END
0 31 10 31 31
31 11 0 0 31
0 31 0 0 31
11 0 0 12 0
0 0 31 31 0
END
0 0 31 31 31
7 0 14 0 0
31 0 31 31 31
12 0 0 0 0
0 0 0 31 13
END
0 0 0 6 31
7 15 9 12 31
0 0 10 31 0
14 0 0 0 31
0 31 11 0 0
END
14 0 9 3 0
0 9 0 0 0
0 0 6 14 31
31 0 0 7 12
10 0 11 0 31
END
0 0 2 31 31
31 31 0 0 0
0 0 31 31 31
31 31 0 0 0
13 0 31 31 0
END
0 0 31 31 0
31 8 31 0 0
4 0 31 0 0
31 0 0 0 31
0 31 11 15 31
END
31 31 0 0 0
0 31 0 3 0
5 0 31 31 31
0 31 0 31 31
31 0 0 0 0
END
5 0 31 13 0
6 0 31 0 0
0 15 31 0 31
13 14 0 6 0
0 0 0 31 0
END
0 31 0 14 0
0 0 3 11 31
10 15 0 8 0
0 0 12 0 31
31 0 15 0 0
END
11 15 14 31 2
0 0 0 0 3
31 31 0 31 0
0 0 31 31 0
0 9 0 0 0
END
31 0 0 15 13
13 0 31 31 31
0 31 0 0 0
31 0 0 31 0
0 10 0 31 0
END
0 31 14 31 31
31 0 0 0 0
0 31 31 31 0
13 31 31 0 0
31 0 0 0 0
END
31 0 0 0 31
0 12 31 0 0
0 31 14 4 0
0 31 11 0 0
0 5 0 31 31
END
31 31 31 0 15
0 0 0 0 31
0 31 0 31 31
0 0 31 0 0
0 31 31 31 13
END
31 31 0 8 0
31 0 3 0 0
31 0 0 31 0
31 0 12 31 0
0 0 31 31 0
END
31 31 31 31 31
0 0 0 31 31
31 0 0 10 0
0 31 0 0 14
31 0 0 0 8
END
2 4 31 0 31
0 0 31 4 8
31 0 0 9 0
10 31 0 31 0
0 31 0 0 0
END
14 0 31 0 0
8 0 15 0 0
31 31 31 0 0
0 0 14 31 4
31 31 0 0 31
END
0 31 31 31 0
0 0 31 31 31
0 31 0 31 0
0 0 31 0 31
0 0 31 0 9
END
3 0 0 0 0
10 0 31 15 0
0 10 0 31 0
0 0 7 31 0
31 0 31 31 13
END
13 0 31 31 13
0 0 6 0 0
0 31 0 0 8
0 31 15 0 0
0 4 31 3 31
END
31 0 0 1 31
7 0 0 0 0
0 31 5 0 0
6 4 0 0 31
31 31 31 0 0
END
0 31 11 31 0
0 0 0 11 0
0 0 12 15 0
0 9 31 0 6
0 2 0 14 15
END
3 11 31 0 15
31 11 0 9 11
5 0 0 0 8
0 15 0 31 0
0 31 0 0 0
END
0 31 10 0 31
31 0 12 31 0
31 0 0 31 31
31 0 31 1 0
0 0 0 0 0
END
31 31 31 0 0
0 0 31 31 0
31 0 11 0 0
0 31 31 0 31
31 0 0 1 31
END
0 0 13 31 31
9 0 10 0 31
0 31 12 31 0
0 0 0 13 31
0 31 0 11 0
END
31 31 31 31 31
0 15 12 0 0
31 0 0 0 0
0 0 0 31 31
0 31 31 31 0
END
31 0 31 0 0
0 10 31 12 0
0 0 0 0 31
0 31 31 0 0
31 31 10 0 31
END
0 0 31 31 31
15 31 31 0 0
0 0 31 0 0
14 0 0 0 7
31 1 13 31 0
END
11 31 31 0 12
0 31 0 0 0
31 0 2 0 0
0 0 31 0 31
31 9 31 0 31
END
31 15 0 0 0
0 0 31 0 31
3 31 31 0 31
0 8 0 31 0
0 31 0 15 31
END
31 9 0 0 0
0 14 31 31 31
31 0 0 0 31
31 0 0 0 0
31 31 0 12 14
END
31 0 0 0 0
2 31 31 14 0
0 31 0 0 0
0 0 12 7 11
31 7 0 0 31
END
12 0 31 0 31
0 31 13 8 0
10 31 0 31 0
0 31 0 0 0
0 14 0 13 13
END
0 0 0 9 0
0 31 31 31 0
31 0 0 13 31
0 15 31 0 31
15 0 0 8 0
END
15 0 0 0 31
31 0 0 0 0
0 31 0 13 31
14 31 0 9 13
0 0 0 31 31
END
31 3 31 0 1
31 0 14 0 0
10 7 0 11 0
0 0 0 31 0
0 31 31 31 0
END
31 15 0 0 4
0 7 6 1 4
0 10 31 0 31
0 0 0 31 0
9 0 0 0 0
END
0 0 12 0 31
0 0 5 31 31
5 31 0 0 0
0 31 31 4 0
15 9 0 0 31
END
31 6 31 31 0
0 31 0 31 6
2 0 31 31 1
0 0 0 31 0
0 0 0 0 0
END
0 31 0 31 31
31 31 0 0 0
31 31 9 12 0
31 0 0 0 0
3 0 31 0 31
END
0 0 12 31 0
0 0 0 0 0
0 12 0 31 0
2 31 31 2 31
31 31 31 0 31
END
0 0 0 0 31
7 31 31 0 0
0 15 31 31 31
0 6 0 31 6
0 0 31 0 0
END
31 31 0 0 0
0 31 31 31 0
0 0 31 0 0
31 0 0 0 31
10 31 31 31 31
END
0 4 31 0 0
31 0 15 11 31
7 0 31 0 13
3 0 31 0 0
0 31 0 31 0
END
0 0 31 0 31
0 31 31 0 0
0 0 31 31 0
13 31 0 31 12
0 11 31 2 0
END
0 31 31 31 31
0 31 31 0 31
31 9 0 31 0
0 0 0 31 0
0 0 7 0 15
END
31 15 0 31 0
0 0 31 0 0
0 0 31 31 7
0 31 2 0 0
4 14 31 0 31
END
0 31 31 31 11
0 0 0 0 0
31 0 31 0 31
31 5 0 0 0
31 31 0 14 0
END
31 31 0 3 31
0 3 0 0 31
4 7 0 0 31
0 0 0 0 31
31 0 31 0 0
END
0 0 2 0 0
0 31 31 0 31
0 0 0 13 31
0 7 31 0 12
14 31 5 12 0
END
0 15 7 0 0
31 31 31 31 0
0 0 0 31 0
13 31 15 0 31
14 0 0 10 0
END
0 0 0 0 0
15 9 31 0 2
15 0 11 0 31
0 0 31 0 14
0 11 7 31 0
END
31 0 0 0 31
3 31 3 31 0
0 0 0 0 0
0 31 0 14 0
31 31 31 8 0
END
31 31 31 0 0
10 0 0 0 0
0 9 31 0 31
31 0 31 0 0
0 31 31 31 0
END
31 0 0 31 0
0 0 0 15 2
8 0 1 31 14
0 13 0 7 0
0 31 0 2 0
END
0 31 0 0 7
9 0 0 0 0
0 0 9 31 31
0 0 31 31 3
14 9 0 5 0
END
31 0 31 0 31
0 31 0 0 9
0 31 9 0 0
0 0 10 10 31
31 1 13 0 0
END
31 11 0 5 0
31 14 12 31 0
0 0 10 31 3
0 0 0 0 31
9 0 0 0 31
END
0 0 31 0 8
0 1 31 0 14
0 31 0 31 31
0 0 0 0 0
0 31 31 5 31
END
0 2 13 31 31
31 0 31 31 0
0 0 0 13 0
11 31 0 0 31
0 0 0 31 31
END
13 0 0 0 14
31 31 31 0 0
0 31 31 10 31
31 0 6 0 0
0 0 0 11 0
END
31 10 14 15 0
31 31 0 11 0
11 0 31 0 0
31 0 0 0 0
0 5 9 0 0
END
0 0 0 0 13
31 0 9 0 31
0 15 0 12 31
11 0 11 15 0
31 0 0 31 0
END
0 14 31 0 0
0 0 0 31 31
0 0 31 31 9
0 0 10 31 0
31 31 31 31 0
END
0 0 31 12 0
0 15 0 13 0
31 0 0 0 0
0 6 31 31 31
0 13 9 0 9
END
31 0 6 15 31
0 0 0 13 14
0 0 8 31 0
31 0 0 31 0
0 31 31 0 0
END
31 0 14 0 0
31 31 5 31 0
31 5 0 0 31
14 0 0 0 0
14 0 0 31 31
END
0 0 0 14 0
31 31 0 31 31
7 0 0 0 0
31 2 0 0 31
0 31 14 31 15
END
31 0 31 0 31
31 0 2 0 31
0 31 31 10 31
0 31 0 31 0
0 0 0 0 31
END
5 0 0 0 0
0 0 0 31 2
31 0 8 31 31
0 31 31 9 0
2 0 0 31 31
END
0 0 5 0 4
0 0 11 0 0
0 0 31 31 0
0 14 13 31 31
11 31 0 0 31
END
31 31 31 0 0
0 14 0 31 0
0 0 31 31 0
31 0 10 0 0
15 31 31 0 0
END
0 5 0 0 0
0 5 0 0 31
0 0 0 0 2
31 9 31 31 31
0 31 11 0 12
END
9 15 0 1 0
0 10 0 31 0
0 2 0 0 10
1 0 31 31 31
31 0 31 0 0
END
0 8 3 9 31
15 31 0 0 0
31 0 0 0 0
0 5 0 31 31
13 8 31 0 0
END
0 0 31 12 0
0 0 13 31 0
0 31 4 0 0
9 0 31 31 31
31 0 31 0 0
END
0 0 0 0 31
31 31 0 7 0
12 31 15 0 0
0 0 31 12 0
31 0 31 0 31
END
0 0 3 0 31
0 11 31 31 0
0 0 31 0 0
31 5 0 0 0
31 31 31 0 31
END
0 31 31 0 15
0 0 31 0 31
0 0 0 0 0
0 31 0 15 0
13 1 10 8 31
END
31 0 9 0 0
0 0 0 0 0
0 31 0 14 0
7 0 31 31 15
0 15 13 5 2
END
31 31 13 0 0
31 0 31 0 0
0 0 31 10 31
31 0 0 0 0
0 13 31 31 31
END
0 31 31 0 31
0 14 0 12 31
31 0 31 11 14
9 0 0 0 31
31 0 0 0 0
END
0 13 0 10 31
31 0 5 0 0
0 31 31 0 0
0 11 31 0 0
31 31 0 0 13
END
12 0 1 0 0
31 1 0 0 14
31 0 0 31 12
0 0 5 31 0
0 11 12 0 31
END
31 2 0 0 0
9 0 10 0 0
31 31 31 0 31
3 0 0 15 0
0 0 31 10 0
END
4 3 0 0 31
0 3 31 31 0
31 0 31 12 0
0 31 13 1 31
0 0 0 0 0
END
0 0 0 10 4
0 0 31 0 31
31 2 0 5 14
0 10 0 0 5
6 31 15 0 0
END
0 31 31 31 0
9 0 31 13 7
31 9 0 0 0
31 31 0 0 6
0 0 0 0 0
END
31 0 0 5 0
0 31 0 11 31
31 0 0 0 31
0 10 13 0 31
0 31 0 0 11
END
0 0 10 0 0
0 0 0 12 0
31 31 31 14 0
1 14 13 0 31
14 0 0 0 10
END
0 0 0 31 31
31 0 0 3 11
11 14 31 31 31
31 0 0 0 3
31 0 0 0 0
END
0 14 10 0 2
0 0 0 31 0
9 31 31 31 0
0 4 7 0 0
0 0 31 31 6
END
0 0 31 0 0
0 31 31 0 11
0 31 0 0 13
0 0 31 9 15
12 0 31 12 0
END
12 0 0 31 12
0 31 7 0 31
0 0 9 31 0
0 31 0 10 31
0 31 7 0 0
END
0 0 0 0 9
11 15 0 0 1
10 13 0 31 0
0 0 31 0 0
31 0 31 31 31
END
0 31 2 31 0
0 12 0 31 10
0 0 31 31 0
31 0 31 3 0
0 0 0 15 0
END
0 0 0 31 0
0 0 10 3 10
0 31 0 0 31
31 31 0 0 31
31 31 0 3 0
END
0 15 31 7 8
0 31 0 31 0
0 1 0 0 31
0 0 13 0 5
0 31 12 0 0
END
13 0 0 0 31
0 31 0 0 31
0 0 31 31 0
31 0 31 31 31
5 31 0 31 0
END
31 6 0 0 0
0 31 31 0 0
10 0 0 31 0
31 15 31 0 0
10 31 1 31 0
END
0 0 0 31 0
0 1 0 0 31
0 0 31 31 0
0 11 12 31 0
31 7 0 31 31
END
6 14 0 0 11
15 0 0 31 0
0 0 31 31 10
31 0 0 0 0
0 31 0 2 31
END
31 0 31 7 0
31 31 0 4 1
0 0 0 0 12
0 31 31 0 0
0 5 0 31 10
END
11 9 0 31 0
31 0 31 0 0
0 12 31 0 11
0 0 0 31 0
10 0 31 9 0
END
0 0 31 0 31
0 31 31 0 0
0 0 14 31 31
0 0 0 0 31
31 2 6 31 31
END
0 31 15 0 0
0 0 31 10 0
0 10 31 0 7
0 31 0 0 31
31 14 0 31 5
END
0 31 0 14 0
31 0 0 5 12
9 2 10 31 0
0 0 15 0 31
0 0 12 0 0
END
0 31 0 0 0
11 31 9 3 15
0 31 0 31 0
0 31 0 0 31
0 0 31 14 10
END
1 4 0 0 0
0 9 31 0 13
0 31 0 31 0
0 4 0 31 31
0 0 31 15 0
END
31 0 0 2 0
0 31 0 31 31
0 0 31 14 0
31 31 0 31 0
13 12 0 0 7
END
10 2 0 0 0
0 0 0 31 31
0 0 0 15 0
31 31 11 0 10
9 0 0 31 31
END
0 0 31 11 31
31 31 0 31 0
0 13 8 0 0
0 31 0 31 13
1 31 0 0 0
END
0 31 0 0 0
0 31 0 31 31
0 5 31 0 2
11 15 0 0 0
15 31 31 0 0
END
0 12 0 0 31
12 0 0 0 31
0 31 15 0 0
31 31 0 15 12
13 11 0 7 0
END
31 31 0 0 11
0 0 31 0 31
31 0 9 8 31
31 0 0 0 13
0 0 0 31 0
END
0 0 0 31 31
31 0 31 0 4
31 0 13 0 0
31 0 31 31 4
0 0 0 31 0
END
0 31 31 31 0
0 31 0 0 2
0 0 8 31 31
31 0 0 31 0
31 31 0 0 31
END
31 31 0 0 0
31 31 3 0 31
31 31 0 31 31
0 31 0 31 0
0 0 31 0 0
END
31 0 31 1 12
0 0 0 31 0
31 0 31 0 14
0 31 0 14 31
14 31 0 0 0
END
12 31 31 31 0
0 0 14 0 31
0 7 0 31 31
15 0 0 31 0
0 3 0 5 0
END
1 31 13 4 31
0 0 0 6 31
31 0 31 31 0
0 0 0 31 31
0 0 0 31 0
END
0 31 31 0 0
15 0 0 0 0
31 31 0 12 2
31 0 0 31 31
31 0 0 15 31
END
0 0 14 31 31
31 10 15 0 0
31 0 31 0 10
0 0 0 31 12
0 0 0 0 13
END
6 31 31 0 31
0 8 0 6 9
0 0 31 31 0
0 0 0 31 31
31 0 0 0 0
END
31 0 31 0 0
0 31 12 15 10
31 0 0 0 31
0 31 31 0 0
0 31 14 0 0
END
10 31 13 0 0
0 0 31 31 0
5 0 0 5 0
31 6 0 31 0
0 31 0 31 0
END
10 0 0 12 0
31 31 0 0 0
11 9 0 14 0
0 31 31 31 0
0 31 9 0 0
END
31 0 0 0 0
12 0 31 0 31
31 0 31 2 0
31 14 31 31 15
0 0 0 0 0
END
0 0 0 0 0
0 31 13 0 0
31 15 0 0 31
31 31 10 0 9
11 31 31 0 4
END
0 31 0 11 0
6 15 31 0 0
31 0 0 0 0
0 0 10 31 7
10 31 0 0 31
END
31 15 31 0 11
0 0 0 0 31
0 31 0 14 0
0 31 31 31 31
9 0 0 0 0
END
4 0 31 8 0
0 31 0 0 31
31 31 0 31 0
0 9 0 0 13
9 0 0 0 15
END
31 0 31 0 13
0 0 0 0 31
0 2 0 0 31
31 31 6 3 0
0 31 13 0 31
END
9 31 0 0 0
31 0 31 31 0
31 8 31 0 31
0 0 12 0 0
0 31 31 0 31
END
31 0 0 31 31
0 7 10 0 0
0 15 0 0 8
0 0 0 31 0
31 31 11 31 31
END
31 4 0 31 0
0 0 0 14 3
7 0 31 31 31
0 0 10 31 15
0 0 0 1 0
END
31 0 0 31 6
9 0 0 0 31
31 0 0 0 31
31 8 0 31 31
0 31 31 0 0
END
31 31 0 2 0
0 0 31 0 0
0 31 0 0 14
0 31 31 1 0
9 31 9 0 31
END
12 15 31 31 0
0 31 0 0 31
0 0 15 31 0
4 0 31 0 0
31 0 0 13 0
END
0 31 31 0 12
31 31 0 31 0
0 0 0 1 7
0 8 31 0 0
0 31 31 0 0
END
6 31 0 31 6
31 0 11 0 9
2 0 0 0 31
0 0 0 31 31
0 0 31 0 11
END
5 0 0 0 0
2 12 3 14 0
0 31 31 0 31
6 31 0 0 0
0 1 31 31 0
END
31 0 0 0 0
0 0 31 31 31
0 0 5 0 3
0 31 31 0 31
31 0 13 0 31
END
31 31 0 31 31
31 10 10 0 31
0 0 0 0 0
0 0 0 0 31
31 31 0 31 31
END
13 0 2 0 6
31 0 12 0 13
0 9 31 31 0
0 0 0 0 31
0 31 0 4 10
END
0 31 0 10 0
0 0 31 0 0
11 31 0 31 0
31 0 0 13 0
0 31 5 31 31
END
0 0 0 0 31
0 12 9 31 0
0 0 0 0 7
14 0 31 31 31
31 31 0 0 6
END
3 31 6 0 31
0 0 31 10 31
0 31 11 15 31
0 0 11 0 0
0 0 7 0 0
END
0 13 31 10 0
0 0 0 31 1
31 0 0 0 0
31 0 0 31 31
31 15 0 4 0
END
11 0 31 0 0
31 31 31 0 31
0 0 0 0 0
31 31 0 3 31
0 15 31 0 0
END
0 0 0 31 0
31 14 0 0 7
0 31 31 0 0
31 11 0 3 31
31 0 31 31 0
END
31 15 13 0 0
0 12 0 0 0
0 0 0 4 0
14 7 31 9 0
12 0 31 0 31
END
31 6 0 0 31
31 0 31 0 0
0 6 0 0 31
8 0 31 0 11
31 2 0 0 31
END
0 6 0 31 0
0 0 31 0 0
31 0 0 10 31
31 31 0 0 12
0 12 0 11 31
END
31 0 0 0 31
0 15 0 13 31
9 9 31 11 9
31 0 31 0 0
12 0 0 0 0
END
0 0 0 0 0
1 0 14 31 0
12 0 0 31 12
8 0 1 31 1
0 0 0 31 31
END
0 0 0 31 14
0 12 31 7 0
0 0 31 31 0
0 15 0 0 31
0 8 0 31 31
END
0 0 15 31 31
0 0 7 13 14
0 9 0 31 31
0 0 2 0 0
31 9 31 0 0
END
0 31 31 0 11
0 0 31 0 31
0 31 31 0 31
3 0 0 0 13
31 0 0 0 31
END
0 0 0 0 0
0 0 6 0 6
2 3 0 31 0
31 31 0 13 31
0 31 12 31 31
END
31 31 0 0 31
0 0 0 0 31
0 31 0 31 0
31 31 0 5 5
14 11 0 0 0
END
31 0 0 0 0
31 4 0 0 15
0 0 31 31 1
0 0 31 31 31
1 0 0 0 11
END
31 31 31 0 0
0 0 0 31 31
31 0 31 0 1
5 0 0 31 31
0 0 10 0 0
END
31 0 31 31 0
31 31 0 0 0
0 15 31 31 0
0 31 0 0 4
0 31 0 31 12
END
9 0 0 15 2
0 10 31 31 0
31 0 0 31 31
0 0 31 0 0
0 31 10 9 0
END
31 0 4 11 12
31 0 0 0 31
0 11 0 15 0
31 0 15 0 14
0 0 31 12 0
END
0 0 31 31 0
14 31 0 0 0
0 0 31 31 31
0 31 0 31 31
0 0 31 7 2
END
0 5 0 14 0
31 0 0 0 0
13 4 0 0 31
0 15 0 31 31
31 0 31 4 31
END
0 7 31 31 0
0 0 31 0 31
31 31 31 0 0
0 31 0 31 0
31 31 0 14 0
END
4 0 4 0 31
0 31 0 31 0
31 31 0 31 11
31 10 0 0 0
14 0 0 0 31
END
0 31 0 0 31
0 0 0 0 9
0 0 31 31 10
31 7 31 0 5
31 31 0 13 0
END
31 0 0 9 0
0 0 0 0 0
31 31 0 31 14
31 0 13 0 6
31 0 0 31 31
END
0 0 0 0 31
0 0 0 0 0
31 15 12 31 10
0 2 31 31 31
0 9 12 0 31
END
0 31 31 31 15
0 31 0 31 31
0 7 31 9 31
0 0 0 0 0
2 0 0 0 0
END
31 0 11 31 0
31 0 31 13 0
31 0 0 31 0
0 31 0 31 0
0 0 12 14 0
END
0 1 31 31 0
11 0 31 0 0
0 31 0 0 0
11 31 3 0 31
13 0 31 31 0
END
0 0 0 31 0
31 31 0 8 31
31 0 0 0 11
0 10 31 31 0
11 0 0 31 4
END
0 11 0 0 0
31 0 31 14 0
31 0 9 11 0
0 0 31 0 0
31 12 0 31 11
END
31 31 0 14 7
31 31 0 31 31
31 31 0 0 0
0 0 0 8 0
0 31 15 0 0
END
7 0 8 31 31
0 31 0 0 0
0 15 0 31 3
0 0 10 0 31
0 0 31 2 0
END
31 31 0 31 0
31 31 14 0 0
31 14 0 0 0
1 12 31 0 0
0 0 0 0 31
END
0 31 0 0 0
0 0 0 31 0
31 31 0 31 0
0 31 10 7 31
0 31 0 14 5
END
0 31 31 0 12
0 31 12 0 0
0 31 0 0 0
6 31 0 12 31
0 0 31 10 31
END
0 0 0 0 0
31 31 0 2 31
0 0 0 0 13
14 0 4 31 0
15 10 14 11 0
END
0 4 0 31 0
13 31 0 13 7
0 0 0 0 13
0 31 0 31 0
1 0 31 31 0
END
10 0 9 0 10
12 31 0 0 13
31 9 0 31 0
0 31 31 31 0
0 1 0 0 0
END
12 1 0 11 0
15 31 31 0 0
3 31 9 0 31
0 0 0 31 0
0 31 0 0 9
END
0 0 31 0 4
0 31 0 31 0
31 15 0 10 0
31 4 13 9 0
6 31 0 0 0
END
31 31 0 0 0
0 0 10 3 10
0 31 0 0 31
9 9 31 31 0
0 0 2 0 0
END
2 0 2 0 31
15 14 0 31 0
31 0 0 31 0
31 31 0 12 0
0 31 14 0 0
END
0 0 13 0 31
0 31 31 0 0
31 31 11 31 0
31 4 0 5 0
0 0 3 0 0
END
0 15 0 0 0
0 31 0 31 0
0 0 31 31 31
0 31 0 31 31
10 0 0 31 31
END
31 0 0 0 31
31 0 31 0 31
12 0 0 31 4
0 0 0 31 31
0 0 4 0 31
END
31 0 0 0 31
0 0 0 14 9
0 31 6 12 14
0 31 31 0 0
0 9 0 0 31
END
0 31 0 2 31
0 0 0 0 0
31 0 0 12 31
12 31 0 0 14
31 31 31 0 0
END
0 0 0 2 13
0 31 31 7 0
8 0 0 2 0
7 0 31 0 0
6 0 0 5 31
END
0 4 31 31 31
0 10 0 0 9
0 0 0 0 31
0 31 0 0 31
0 1 14 10 0
END
0 31 31 13 0
5 0 12 15 0
0 0 0 14 31
31 0 15 0 0
0 31 4 31 0
END
0 0 0 14 13
15 31 31 0 31
0 6 0 31 31
31 0 0 3 0
0 31 0 0 31
END
31 8 7 0 31
0 0 3 0 0
0 0 0 1 0
10 0 0 11 0
31 0 31 10 12
END
31 4 13 0 0
0 9 31 31 31
0 31 0 0 10
0 0 0 31 0
0 0 12 0 15
END
0 31 31 31 1
0 14 31 0 31
10 0 0 0 31
0 31 31 31 31
0 0 0 0 0
END
31 13 0 0 31
0 0 0 31 31
0 0 31 0 11
0 6 31 31 9
0 0 0 0 31
END
0 31 0 0 31
12 31 13 0 0
31 14 31 0 31
4 0 0 0 0
15 31 0 0 31
END
0 31 0 12 0
0 0 31 31 0
0 15 31 8 0
10 31 12 0 31
0 0 9 0 0
END
0 31 0 14 1
0 15 0 31 0
31 14 0 0 31
31 0 31 0 31
0 0 31 0 0
END
31 2 0 0 31
31 0 0 0 31
31 0 31 31 0
0 0 0 10 0
31 0 31 0 31
END
31 31 31 31 0
31 31 0 0 0
13 0 0 0 12
5 0 0 5 31
0 0 0 0 10
END
13 31 31 0 31
15 0 31 0 0
31 11 31 0 0
0 0 0 31 0
12 0 0 0 8
END
31 0 0 31 31
0 0 0 31 9
12 0 0 0 0
31 31 31 2 14
0 5 0 31 0
END
15 31 2 0 0
3 0 0 4 31
1 0 0 31 11
0 31 0 0 31
14 0 0 0 0
END
1 0 31 0 0
15 0 0 31 12
0 0 10 0 0
31 12 1 2 31
0 0 31 0 31
END
31 0 12 14 31
0 31 31 0 0
0 0 0 12 31
11 0 0 9 0
0 0 31 3 0
END
14 0 31 0 31
0 0 31 31 0
0 4 0 31 31
0 31 0 31 0
10 31 0 15 0
END
9 0 0 0 31
1 31 0 31 31
10 14 1 0 0
31 0 0 14 0
31 0 31 0 0
END
0 0 10 15 0
0 31 31 9 31
31 31 0 0 0
9 31 0 14 0
0 0 4 10 0
END
10 2 0 0 0
0 0 31 13 0
8 13 0 11 0
0 31 31 3 0
0 10 31 31 0
END
0 9 0 0 31
31 31 0 0 0
0 31 0 31 0
31 0 9 10 31
0 31 10 0 10
END
9 31 7 0 0
0 0 0 5 11
0 0 31 1 31
0 13 0 0 31
0 31 31 0 0
END
31 9 31 0 31
0 0 31 31 0
0 31 0 0 0
9 0 0 3 31
0 31 0 0 14
END
31 0 31 0 0
0 31 31 0 0
31 0 31 31 31
0 0 0 31 1
0 14 31 31 0
END
0 0 0 7 0
0 0 31 8 31
0 0 13 0 13
31 0 1 0 31
12 5 0 31 0
END
0 0 31 31 11
10 31 11 0 31
31 31 15 31 31
0 0 0 0 0
0 0 0 0 0
END
0 31 31 31 0
0 0 0 8 10
31 31 0 0 1
0 0 0 31 10
0 31 9 0 14
END
31 7 0 0 0
31 31 0 5 10
31 31 0 0 31
0 0 14 0 0
0 31 0 15 0
END
10 0 0 31 0
31 0 0 31 0
0 0 0 0 31
31 0 0 31 31
31 0 14 31 9
END
0 31 8 0 31
0 0 31 31 0
31 0 0 0 31
0 4 10 0 3
0 0 31 9 0
END
15 0 31 0 7
15 0 7 0 9
0 31 0 0 31
11 0 31 0 15
31 0 31 0 0
END
8 0 0 0 8
4 0 13 15 0
0 0 31 13 0
11 0 31 31 0
0 13 4 0 31
END
0 2 31 5 0
31 0 31 0 0
31 0 31 0 0
31 0 9 0 0
0 31 31 0 5
END
8 0 0 31 0
31 31 0 0 31
14 0 12 31 0
0 31 0 31 0
7 2 0 0 31
END
0 13 12 10 31
0 0 15 31 0
31 0 0 8 0
31 0 2 15 0
3 0 0 0 0
END
0 0 0 31 14
0 0 9 8 0
31 9 8 31 0
9 31 0 0 3
0 0 8 31 0
END
14 0 31 0 31
31 31 31 0 0
15 31 0 10 31
0 0 0 31 13
0 0 0 0 31
END
31 31 0 31 3
0 0 0 31 0
0 31 31 0 31
31 31 0 31 0
0 8 0 31 0
END
0 0 31 15 0
31 0 31 0 0
31 0 15 31 0
31 0 9 0 15
0 11 31 0 0
END
31 31 0 31 31
31 31 8 4 0
0 0 0 0 31
31 0 0 0 10
0 3 0 0 0
END
0 31 0 6 10
0 0 31 0 0
12 4 14 31 0
31 0 0 0 14
0 0 7 0 31
END
31 15 0 0 0
0 0 11 12 31
31 31 0 0 1
7 0 1 0 0
0 11 0 0 31
END
0 0 0 11 31
31 12 0 0 0
14 31 0 31 0
31 5 0 31 0
0 31 31 0 31
END
9 0 31 31 31
31 31 13 31 31
0 0 8 0 0
0 0 0 31 12
0 31 0 0 0
END
0 3 0 31 31
0 0 0 5 7
11 8 31 0 0
31 0 2 0 0
0 31 31 0 31
END
0 31 0 31 9
31 9 31 0 0
31 31 31 31 0
7 0 0 12 31
0 0 0 0 0
END
15 0 0 1 14
0 0 0 0 0
0 0 31 31 6
31 4 31 14 31
0 0 0 0 31
END
0 31 0 0 31
0 0 31 9 31
31 14 11 12 4
15 0 0 5 0
0 0 0 0 1
END
11 31 0 31 0
31 0 31 0 31
11 0 7 31 0
0 0 0 0 31
31 0 0 0 31
END
0 9 0 31 0
0 15 31 31 0
0 0 1 0 0
0 31 11 31 0
31 10 0 0 6
END
31 31 12 2 0
31 0 0 0 4
0 0 0 0 0
0 0 31 31 31
31 11 31 0 31
END
31 3 0 0 0
0 1 31 31 0
0 31 0 2 11
0 31 31 31 31
31 0 0 0 0
END
8 0 31 0 9
0 15 2 0 0
31 13 0 9 0
0 12 0 0 31
0 31 0 0 31
END
0 31 0 9 31
31 0 0 6 0
10 0 31 31 0
0 31 0 0 10
31 0 0 13 31
END
3 31 0 13 0
31 7 0 0 31
0 31 0 31 31
31 6 0 8 0
0 0 0 15 0
END
31 31 0 31 0
31 13 0 31 0
0 0 8 0 9
0 10 31 8 14
0 0 0 31 0
END
11 31 0 0 0
31 0 31 13 0
8 0 0 31 0
0 15 11 31 0
31 15 0 0 0
END
0 15 0 0 31
5 0 0 31 31
31 13 31 0 11
0 0 13 31 0
0 13 0 31 0
END
31 31 31 0 31
0 31 0 0 0
31 31 7 0 4
0 31 0 31 0
0 0 12 15 0
END
0 0 0 12 0
12 31 31 0 31
0 31 31 4 31
15 0 31 13 0
0 0 0 31 0
END
0 10 8 13 15
0 31 0 31 0
10 0 0 31 0
31 0 31 0 31
0 0 0 13 31
END
0 12 11 0 0
31 0 1 31 0
12 9 0 0 31
31 0 0 0 9
31 0 0 0 31
END
12 0 8 0 10
31 0 31 0 31
0 31 0 4 0
6 0 0 0 12
31 0 0 0 31
END
0 12 0 31 31
14 10 0 0 0
31 31 0 14 31
0 0 0 0 31
31 31 0 0 5
END
0 0 31 31 0
31 0 0 0 15
0 0 12 0 3
0 11 31 31 0
31 15 0 0 1
END
31 0 0 0 11
0 31 0 0 5
31 5 0 11 4
0 31 31 0 0
0 0 0 31 31
END
0 0 0 13 4
0 0 31 0 12
0 0 0 0 31
0 0 31 15 0
1 7 31 31 5
END
15 31 0 0 0
0 15 0 0 0
0 31 31 0 13
14 0 14 0 31
0 10 31 0 31
END
2 13 0 0 0
2 0 31 11 1
6 0 0 0 31
0 31 0 31 0
0 31 0 31 0
END
31 0 0 13 11
0 0 14 31 0
31 0 0 0 5
31 6 0 31 31
0 31 31 0 0
END
10 0 0 0 9
4 0 0 9 9
3 0 31 0 0
0 31 0 31 0
0 15 0 31 31
END
0 0 0 31 0
8 0 0 12 31
0 0 31 14 0
6 7 0 9 2
2 0 31 0 0
END
0 0 31 0 0
31 31 31 0 0
31 0 0 31 0
2 11 0 0 31
0 31 31 0 4
END
14 0 0 0 13
31 31 0 31 9
31 14 31 0 0
0 31 11 0 0
0 31 13 0 0
END
31 0 12 31 31
0 0 0 0 31
0 0 11 0 0
31 31 0 31 0
31 6 0 0 3
END
0 31 0 8 0
31 0 3 11 0
0 31 4 31 0
0 0 0 0 0
31 31 15 0 9
END
12 31 31 0 0
0 0 0 31 0
0 13 31 0 0
0 31 31 31 0
0 14 13 0 14
END
3 0 0 12 31
1 15 31 0 0
0 0 11 0 31
0 0 9 0 31
0 0 31 31 31
END
0 0 13 0 31
0 0 31 31 0
0 0 9 0 31
31 0 0 31 1
12 6 0 0 9
END
0 0 0 0 0
0 11 11 5 14
31 0 14 31 0
0 3 31 0 0
31 7 14 0 0
END
8 31 1 0 0
0 0 0 9 12
31 0 0 10 0
0 0 9 31 31
0 15 0 5 31
END
0 31 0 4 0
15 0 0 0 31
12 4 0 0 0
0 7 31 31 14
0 12 12 0 0
END
0 31 13 1 0
0 31 0 0 9
0 31 0 9 31
0 0 31 0 11
31 0 0 11 8
END
5 0 31 0 31
31 0 0 0 0
9 11 0 0 0
31 31 31 10 0
31 0 8 0 12
END
11 31 3 0 0
0 0 12 15 31
9 31 0 31 0
31 0 31 0 0
0 0 0 15 0
END
0 0 4 31 10
31 31 31 31 0
1 0 0 0 13
0 0 31 0 0
0 0 31 0 31
END
0 31 0 0 11
31 0 31 12 31
0 31 0 15 0
0 0 31 0 7
0 11 0 31 0
END
9 4 31 0 0
0 0 0 0 9
0 5 0 31 1
31 0 0 9 31
0 0 11 6 11
END
12 31 0 0 31
0 0 10 0 0
5 31 0 31 14
0 10 31 31 0
9 0 0 0 31
END
0 0 0 31 31
31 31 0 0 0
11 15 31 0 0
0 0 14 0 31
13 10 0 13 0
END
31 0 0 0 0
31 0 0 31 31
0 0 0 31 31
0 0 12 15 0
0 31 31 3 31
END
31 0 0 15 31
0 14 8 0 2
15 31 31 0 0
0 0 31 0 31
0 31 0 31 0
END
31 2 31 31 31
0 0 5 0 31
13 0 0 0 9
0 0 31 0 31
0 0 31 0 31
END
9 0 10 0 0
0 31 0 31 0
0 12 31 0 31
31 0 31 31 12
14 3 0 0 0
END
31 31 0 0 0
31 0 31 0 7
14 0 31 0 31
0 0 0 0 13
31 13 15 0 0
END
2 31 31 11 0
0 31 31 0 0
0 0 4 0 0
0 14 5 0 3
9 31 10 0 0
END
11 0 2 9 0
31 0 0 31 0
31 31 0 31 0
0 0 0 31 14
31 31 0 0 0
END
31 0 31 0 14
0 0 31 0 14
0 31 0 31 31
8 31 10 0 0
11 0 0 0 2
END
31 31 0 31 12
0 8 0 0 3
31 0 0 31 15
1 0 31 0 31
0 0 9 0 0
END
0 0 0 31 0
31 0 12 0 0
31 31 11 0 31
0 10 0 6 0
31 0 31 0 31
END
0 8 31 0 15
31 0 9 0 12
15 0 31 0 7
31 31 0 0 0
11 0 0 6 0
END
0 0 0 0 5
0 14 11 31 0
9 5 0 0 0
31 0 12 31 0
31 15 5 0 0
END
31 0 0 0 0
0 0 5 0 31
14 0 31 0 0
9 0 31 12 31
12 8 0 31 0
END
31 31 0 12 0
0 0 31 0 31
0 0 0 31 0
11 31 31 0 0
31 8 1 0 0
END
31 15 0 0 0
0 31 9 0 31
10 0 31 0 31
31 0 0 0 6
0 31 31 0 0
END
0 31 0 0 0
31 0 0 31 0
0 0 1 8 31
31 31 0 31 14
0 0 3 31 0
END
31 15 31 0 0
0 31 0 0 0
12 31 0 0 31
10 13 0 31 0
0 0 0 31 31
END
31 9 0 31 0
8 1 31 0 31
31 31 7 0 12
0 0 0 0 0
11 31 0 0 0
END
0 0 7 0 0
31 0 12 0 31
14 31 0 31 0
0 31 0 0 0
31 31 31 11 31
END
0 31 0 0 15
0 31 0 0 0
0 1 31 31 31
2 0 15 4 0
14 0 0 0 31
END
31 0 0 0 0
0 31 31 0 31
0 31 13 0 0
31 0 31 0 31
0 31 5 31 0
END
0 0 0 31 0
31 0 0 7 4
0 31 0 0 8
0 0 31 0 31
0 13 31 2 10
END
31 0 0 0 31
10 0 31 0 7
0 0 31 0 12
0 31 31 0 31
0 0 13 31 31
END
0 31 0 31 9
0 0 0 6 31
7 0 0 12 0
31 31 0 0 12
11 31 31 0 0
END
31 31 0 0 0
0 31 14 31 8
31 0 12 0 0
31 0 31 31 0
0 0 0 0 31
END
0 0 31 9 31
9 14 0 14 31
31 31 0 31 0
0 0 0 0 0
0 0 31 31 0
END
31 31 7 6 8
31 0 0 6 0
0 14 0 0 0
7 31 0 31 0
0 0 0 0 3
END
14 0 0 0 31
31 0 0 7 31
2 5 0 0 0
0 0 0 0 15
0 3 31 31 15
END
0 0 6 0 0
0 31 0 5 0
7 0 0 3 1
31 31 0 31 9
0 0 0 11 14
END
31 0 11 31 0
0 0 0 31 0
0 31 0 10 11
2 0 0 0 0
12 31 31 13 0
END
31 0 0 0 0
31 0 0 9 0
31 15 0 31 31
31 6 0 0 31
31 31 0 0 0
END
0 31 0 0 0
11 9 31 12 0
11 0 31 0 0
31 31 31 0 0
0 0 4 8 31
END
0 0 0 31 31
0 0 0 0 0
6 31 31 31 31
4 0 0 31 0
31 31 0 31 0
END
31 31 13 0 31
0 0 31 0 0
5 0 0 11 2
0 31 31 0 0
0 31 0 31 12
END
31 0 0 0 31
31 10 0 0 31
0 0 31 31 0
0 0 31 31 9
0 0 31 15 31
END
0 0 0 0 0
31 31 0 10 31
11 0 4 0 31
0 14 7 13 0
0 0 31 31 13
END
31 31 0 31 0
0 0 0 31 31
0 0 10 31 0
10 31 31 0 0
31 0 14 0 4
END
31 0 31 0 0
31 31 15 0 7
3 0 0 13 31
0 0 2 0 0
0 0 0 31 4
END
10 0 1 0 0
0 0 0 0 8
31 0 0 13 15
31 31 11 31 0
31 12 0 0 0
END
31 0 0 0 0
31 31 0 31 0
31 31 31 31 0
14 2 0 0 0
0 9 0 31 0
END
1 0 0 0 0
31 0 12 6 0
11 0 0 7 0
0 31 3 0 31
31 10 31 0 0
END
0 0 31 0 0
7 31 0 31 0
31 0 31 0 0
0 31 31 0 0
31 31 31 31 31
END
0 0 15 0 12
0 0 9 0 0
31 31 8 0 0
7 9 0 31 14
0 15 2 0 31
END
0 13 0 0 15
0 0 3 0 0
3 31 0 0 31
9 9 0 31 5
0 31 31 0 0
END
0 31 0 0 0
13 31 7 11 0
0 31 0 0 10
31 0 0 14 0
0 13 0 31 10
END
0 0 0 0 31
0 31 0 9 5
11 0 9 0 0
0 0 9 31 15
0 9 0 7 31
END
6 0 31 0 0
11 0 0 31 2
0 31 31 4 0
12 15 0 31 0
12 0 0 0 31
END
31 31 0 0 0
31 0 0 1 0
0 31 0 11 0
15 0 8 31 31
31 0 6 0 0
END
0 0 0 0 9
31 11 8 0 0
0 31 0 0 15
31 31 4 0 31
8 13 0 0 31
END
31 0 3 0 0
0 31 0 31 31
0 0 8 0 7
0 31 15 31 31
0 0 6 0 31
END
0 31 31 31 0
5 0 0 0 31
0 4 0 15 31
31 31 0 31 14
0 0 0 31 0
END
0 31 0 0 31
31 31 0 0 31
0 31 0 31 0
31 31 10 31 0
31 0 0 9 0
END
31 0 31 11 0
11 0 0 12 5
0 0 0 0 31
0 0 0 12 31
31 31 14 0 31
END
31 0 0 10 0
0 13 0 31 0
0 0 8 8 0
13 12 3 0 0
0 31 31 14 0
END
9 8 10 4 31
0 0 0 31 0
0 0 31 0 31
0 31 0 31 0
0 5 0 0 31
END
9 31 31 0 31
0 31 0 0 0
0 0 31 7 9
14 0 0 31 9
0 0 31 0 31
END
0 0 0 31 0
9 0 9 31 31
0 7 0 31 2
31 0 0 0 0
0 31 31 31 0
END
0 31 31 14 15
0 12 0 0 0
15 31 31 31 0
15 0 31 0 0
0 0 5 31 0
END
0 31 31 31 31
31 0 31 6 0
31 0 31 0 0
0 15 0 31 31
0 0 0 0 31
END
0 0 31 0 0
3 31 0 6 0
0 0 0 0 31
31 0 31 31 15
0 31 31 31 0
END
10 31 0 0 0
0 0 31 12 0
0 0 31 9 0
0 0 14 0 31
12 31 31 31 1
END
0 0 31 0 0
0 0 31 0 0
31 0 13 0 0
10 31 31 31 31
0 2 31 0 31
END
31 31 31 0 0
0 0 31 0 14
31 0 31 31 0
31 15 0 0 0
0 12 31 31 0
END
0 12 31 0 12
0 31 0 31 7
0 0 0 0 31
31 31 12 0 0
0 11 31 0 31
END
0 0 0 0 31
13 31 0 0 31
0 0 1 0 0
0 0 31 9 1
13 31 31 5 31
END
3 1 31 0 8
31 0 5 31 0
31 0 14 0 0
0 13 0 0 0
0 0 31 31 0
END
0 31 31 0 31
0 31 0 31 0
10 0 31 0 0
0 31 2 0 0
31 14 0 0 31
END
31 31 31 0 0
6 0 0 31 0
3 0 0 31 31
0 5 0 31 0
31 0 10 12 0
END
31 6 31 0 0
31 31 0 0 31
31 31 0 0 0
0 0 0 31 31
31 0 31 31 0
END
31 0 31 0 0
13 0 31 14 14
1 0 0 0 0
31 0 31 0 0
31 31 0 12 13
END
11 0 0 0 0
0 31 31 4 0
31 31 0 0 10
9 4 0 0 0
31 31 14 0 31
END
0 1 0 10 0
0 31 9 10 0
31 31 31 31 15
31 31 31 0 0
0 0 0 0 0
END
0 9 0 0 31
7 0 0 0 31
31 31 0 0 31
31 12 31 0 0
31 0 31 0 0
END
14 0 0 0 9
0 0 12 10 31
31 0 31 0 31
0 31 0 0 0
0 0 31 31 15
END
31 0 0 0 31
31 0 31 11 31
0 0 0 0 31
31 0 11 31 0
0 0 3 0 31
END
0 0 31 14 0
0 4 31 0 0
0 31 0 8 0
31 31 12 0 0
0 2 31 0 31
END
31 31 31 0 10
0 2 0 31 0
7 31 15 14 0
0 0 0 0 31
0 10 31 0 0
END
8 31 0 0 1
0 0 13 0 0
0 0 0 31 31
4 31 31 31 8
0 0 31 0 0
END
0 0 31 11 14
0 1 6 31 0
31 0 13 2 0
31 0 8 0 0
12 0 9 0 0
END
6 0 0 31 31
0 0 10 13 0
0 9 0 0 31
31 31 0 2 31
31 0 0 0 31
END
0 0 0 31 9
0 0 0 31 0
31 0 0 31 0
12 31 31 13 0
0 0 31 31 31
END
3 10 0 0 11
12 0 12 0 31
13 31 31 31 0
0 0 0 0 0
0 31 0 31 31
END
0 15 31 9 0
0 31 11 15 11
0 0 31 8 0
0 0 0 31 0
14 0 31 31 0
END
0 31 0 0 9
0 31 5 13 0
31 0 0 0 0
5 31 8 31 0
0 6 9 0 0
END
0 0 31 31 0
31 0 0 15 31
0 5 31 31 9
31 0 0 0 13
0 31 0 0 0
END
9 31 14 7 0
5 8 14 0 31
0 0 0 4 0
0 11 10 31 0
0 15 0 0 0
END
31 31 0 0 31
0 0 0 31 0
31 31 12 0 31
31 31 0 0 0
0 3 0 4 31
END
0 0 31 0 31
0 0 13 31 14
0 7 31 0 31
0 0 31 11 0
31 0 0 31 0
END
0 31 0 0 31
1 31 0 0 0
7 31 31 0 0
0 6 0 0 31
31 0 31 1 0
END
31 0 31 4 0
0 0 0 31 8
31 9 14 31 0
0 0 0 31 31
0 31 0 0 0
END
0 11 0 31 0
31 0 31 31 0
0 0 31 31 1
0 0 31 8 0
0 31 0 0 10
END
0 12 31 0 31
31 1 3 0 9
31 0 0 0 0
0 15 3 0 15
0 14 0 0 0
END
31 0 31 31 0
7 31 0 11 0
0 0 31 31 0
0 31 10 0 0
31 0 12 31 0
END
0 31 12 0 0
0 31 31 0 31
31 31 12 0 31
0 15 31 0 0
0 0 0 0 11
END
0 8 0 31 0
31 0 31 31 31
31 0 0 0 0
31 0 0 3 14
31 31 0 14 0
END
0 31 0 31 31
2 0 0 0 12
15 10 0 0 31
31 0 31 0 0
0 0 31 31 31
END
0 13 0 5 0
0 31 31 0 10
3 0 0 0 31
0 13 4 0 0
0 31 6 0 31
END
0 31 0 0 0
3 0 0 13 14
9 0 31 0 0
0 0 0 31 31
11 31 0 31 2
END
0 0 31 3 0
31 0 31 4 31
0 0 0 31 15
0 0 31 14 0
31 0 31 0 0
END
9 0 0 7 0
0 31 0 7 2
0 11 0 0 1
12 31 31 1 0
0 15 9 0 0
END
1 14 12 31 0
15 31 31 15 7
31 0 12 0 0
0 0 12 0 0
0 0 0 0 31
END
31 31 31 0 31
10 0 7 15 0
31 0 13 0 31
9 0 0 0 0
0 4 0 9 0
END
0 0 0 12 31
0 0 11 31 31
0 14 31 0 31
31 31 0 31 0
0 0 6 0 31
END
31 6 0 11 0
13 0 13 0 31
0 31 31 0 0
0 0 13 0 31
12 0 31 0 13
END
0 31 31 3 0
13 0 0 14 0
0 31 31 0 8
0 0 11 0 0
31 31 11 0 31
END
0 31 14 0 0
3 0 14 0 0
2 7 2 3 31
0 31 0 0 0
0 31 0 8 0
END
31 0 31 31 0
0 31 0 12 0
31 31 0 0 0
12 0 0 13 0
0 31 9 7 0
END
31 31 31 31 0
0 31 0 0 0
12 0 31 0 0
31 31 0 0 0
0 12 31 0 31
END
0 0 8 15 31
0 0 14 14 0
0 0 0 31 31
0 31 0 31 6
0 0 1 31 13
END
31 0 15 13 31
0 8 0 31 0
0 31 0 31 31
0 31 6 31 0
31 0 0 0 0
END
0 31 31 0 0
11 11 0 13 31
0 31 0 31 0
0 31 0 0 5
0 31 0 4 0
END
0 31 31 31 31
0 0 0 31 0
0 31 31 31 31
0 0 0 0 0
9 0 12 0 31
END
0 31 0 0 0
31 31 31 9 0
0 0 0 31 12
0 31 0 31 13
0 0 0 6 31
END
31 4 0 31 0
0 0 12 0 15
0 0 0 0 31
6 2 0 10 31
12 0 7 0 0
END
0 0 0 15 0
1 0 31 0 31
31 14 0 31 14
31 31 0 0 31
11 0 0 0 31
END
0 31 31 0 0
12 9 14 0 31
31 0 31 31 0
0 13 0 0 31
10 0 0 0 0
END
0 31 0 4 31
0 0 0 13 0
15 1 0 0 0
0 31 0 13 31
12 9 31 0 0
END
0 31 31 0 0
31 10 31 0 31
31 31 0 6 11
0 0 0 0 0
15 0 0 7 0
END
0 0 4 31 13
0 0 31 0 31
11 15 31 31 0
0 31 0 0 0
31 31 0 0 0
END
0 31 0 10 0
31 0 31 0 0
0 31 0 31 0
31 0 31 31 0
31 31 0 0 3
END
9 9 0 0 0
13 31 0 0 8
0 31 31 31 31
0 31 0 0 0
1 0 0 31 0
END
0 0 9 0 14
31 0 4 0 0
0 31 31 0 31
2 0 11 1 11
2 0 0 0 0
END
31 15 0 31 14
1 10 0 0 0
31 0 12 0 0
0 0 31 31 0
31 31 0 0 0
END
0 0 6 13 0
31 0 0 31 31
5 0 0 0 31
31 0 0 0 31
14 31 12 0 0
END
13 0 31 31 0
0 0 31 0 0
31 0 31 31 0
31 15 0 14 14
9 31 0 0 0
END
31 0 0 0 0
7 0 0 31 0
0 0 31 0 5
6 31 31 0 15
9 4 31 0 13
END
31 12 14 0 2
0 0 31 31 0
0 31 13 0 0
0 11 0 31 0
13 0 11 0 31
END
0 0 0 15 0
0 0 0 0 0
31 31 0 31 5
11 31 31 0 0
14 31 5 13 0
END
31 0 31 0 0
2 31 0 0 7
0 0 0 31 31
0 31 31 31 10
31 0 0 0 0
END
0 0 0 0 1
0 31 4 0 0
31 1 31 31 0
0 0 0 0 4
0 12 31 31 31
END
31 0 0 31 0
0 31 0 0 31
31 0 0 31 9
15 12 0 31 0
0 0 9 0 12
END
31 0 0 0 31
0 31 31 31 0
31 0 15 31 0
0 0 0 31 0
0 6 31 31 11
END
0 0 0 31 0
12 31 31 31 1
31 31 31 0 14
0 0 0 0 31
9 31 0 0 0
END
0 0 0 14 31
0 14 31 0 0
0 31 0 31 0
31 31 0 0 0
31 0 31 31 31
END
0 7 0 0 10
0 31 31 6 31
31 0 0 15 31
0 31 0 0 0
0 10 14 0 12
END
0 31 0 31 0
0 31 7 0 0
0 31 0 5 31
31 0 13 31 31
4 11 0 0 0
END
0 12 0 0 0
0 7 31 0 0
0 0 0 0 0
11 13 31 10 9
31 0 14 9 11
END
11 10 6 15 0
0 0 7 0 0
31 0 0 9 31
0 0 0 6 15
13 7 0 0 0
END
0 31 31 4 0
9 0 0 0 0
0 13 31 0 12
0 0 0 11 31
0 6 11 4 10
END
0 0 31 13 31
31 0 31 0 31
0 31 0 15 8
0 0 10 0 31
10 0 0 0 0
END
0 0 31 6 1
31 31 0 31 31
0 31 0 0 0
14 12 0 0 12
0 13 0 0 0
END
0 31 31 6 0
0 3 31 31 31
0 0 0 31 0
0 0 31 0 0
31 15 31 0 0
END
0 31 0 0 31
14 31 0 11 0
0 0 0 15 31
0 10 0 31 0
12 0 11 0 31
END
31 3 31 0 0
31 0 0 0 13
31 0 0 0 0
10 10 31 31 0
31 0 15 0 31
END
10 4 0 0 0
31 0 0 31 0
0 14 31 2 0
9 31 31 0 14
0 0 0 31 0
END
0 9 31 0 0
12 31 0 31 31
7 0 31 31 0
5 0 0 0 31
0 31 0 10 0
END
31 12 31 0 0
31 31 31 0 0
0 0 0 0 13
1 31 0 31 0
31 2 0 31 0
END
31 0 0 15 0
11 0 8 9 0
31 31 13 31 31
31 1 0 0 0
0 0 6 0 0
END
31 31 0 0 0
0 12 15 15 15
0 12 31 15 0
0 31 0 4 0
0 0 31 31 0
END
13 0 31 0 31
0 0 15 5 31
0 0 0 31 0
31 31 31 0 0
0 0 0 31 31
END
0 0 0 31 0
0 0 31 3 0
0 31 0 11 0
0 11 9 31 12
15 31 1 0 31
END
0 31 0 0 0
0 15 31 31 31
0 31 4 31 31
0 6 12 14 9
0 0 0 0 0
END
0 31 31 0 31
0 2 0 31 12
31 31 0 0 0
31 0 0 12 5
31 13 0 0 0
END
0 31 0 31 31
0 31 0 0 0
6 31 0 31 6
31 31 0 0 0
31 0 0 31 31
END
0 0 31 3 0
31 31 0 0 31
31 0 9 0 0
0 31 31 0 31
9 0 0 6 0
END
31 10 12 2 0
31 31 31 0 0
31 13 31 0 8
31 31 0 0 0
0 0 0 0 0
END
0 11 11 6 0
0 0 31 31 9
0 0 0 0 31
0 6 0 15 31
0 0 4 31 31
END
0 0 0 0 31
13 31 0 0 0
31 0 0 14 11
0 31 12 31 6
6 0 10 0 0
END
0 10 0 0 31
15 0 31 11 31
15 0 0 31 31
0 5 0 31 0
9 0 0 0 0
END
31 0 31 0 31
31 0 31 0 31
0 0 31 0 0
31 0 0 0 31
5 7 0 0 31
END
0 0 0 0 0
31 0 2 31 0
0 31 0 31 31
31 0 0 31 11
31 31 0 0 3
END
0 31 11 0 8
31 31 31 0 0
31 14 0 0 0
0 0 14 0 31
0 13 31 0 0
END
14 0 0 0 31
0 4 13 0 0
9 0 31 0 0
31 31 31 31 13
31 0 0 0 31
END
0 31 31 31 0
9 0 0 0 5
31 0 0 6 0
31 31 0 31 0
0 0 14 2 0
END
0 0 12 31 2
0 0 0 9 0
0 31 31 10 0
0 13 3 31 0
31 0 4 0 3
END
0 0 31 0 0
0 11 0 6 31
2 0 31 0 31
31 13 0 0 0
31 11 31 31 0
END
31 0 31 9 15
31 0 31 0 0
13 0 0 31 31
0 0 0 0 31
13 0 0 31 0
END
31 31 0 3 0
15 0 31 31 0
0 0 0 31 0
0 0 14 31 0
0 0 31 31 31
END
31 31 31 8 31
0 31 0 0 0
0 9 0 0 31
0 31 0 31 0
1 5 0 0 31
END
31 8 31 31 15
0 31 31 0 0
31 0 0 0 11
0 31 0 0 0
31 2 0 0 0
END
31 0 0 31 0
31 31 0 31 1
0 0 0 31 0
11 0 0 0 31
0 10 14 31 31
END
31 31 0 0 13
31 31 31 0 3
0 0 31 0 0
0 0 0 31 11
0 10 0 31 12
END
0 0 31 0 5
31 31 31 0 31
0 31 0 0 0
9 0 8 31 0
0 0 13 0 31
END
0 0 0 0 31
31 31 0 31 31
12 31 0 0 0
31 0 10 0 11
31 31 0 6 0
END
0 0 14 31 0
31 31 31 0 0
31 12 0 0 31
3 0 31 0 0
0 5 0 9 0
END
2 0 31 3 31
0 0 0 0 0
0 0 0 31 0
31 31 8 31 31
31 12 0 0 0
END
0 0 31 31 31
0 3 0 31 15
13 0 9 31 2
15 0 0 0 0
0 0 0 0 31
END
31 31 0 0 0
4 0 0 0 31
0 11 31 0 0
31 15 0 3 0
12 0 31 31 11
END
0 0 31 0 10
10 3 12 6 0
0 0 12 0 0
0 0 0 0 10
8 4 31 12 0
END
0 31 0 31 31
0 31 31 0 0
2 0 0 31 31
0 31 0 31 11
0 0 0 31 31
END
0 31 0 0 1
3 31 31 0 4
0 0 0 31 1
0 0 31 31 31
0 0 0 0 3
END
8 0 0 0 0
5 5 31 31 0
0 0 0 0 0
0 31 7 4 31
11 31 31 0 31
END
31 11 10 31 0
31 0 0 0 0
31 0 0 0 11
0 12 4 31 31
31 0 31 0 0
END
0 31 31 0 31
0 0 14 14 0
2 0 31 0 0
0 0 31 0 31
0 0 13 31 12
END
0 10 31 31 0
31 0 31 15 0
31 0 11 0 31
31 12 0 0 5
0 14 0 0 0
END
0 31 0 0 0
31 0 8 0 0
6 31 0 31 0
13 31 0 11 31
12 0 0 0 11
END
0 31 12 0 31
0 31 0 0 0
31 0 15 0 0
0 0 10 0 31
9 31 31 11 0
END
5 0 31 31 5
31 0 0 0 31
9 0 31 13 0
0 0 0 0 31
9 9 31 0 0
END
0 31 1 0 0
0 0 0 31 31
2 0 15 31 13
0 11 0 0 11
0 0 2 2 0
END
31 31 31 2 0
0 31 0 5 0
31 31 3 0 31
0 0 3 0 15
0 0 0 0 0
END
9 31 0 31 31
0 0 0 0 0
9 0 31 7 14
0 0 0 31 0
31 0 31 31 0
END
31 31 12 0 0
0 31 0 0 0
31 14 0 0 31
31 31 31 0 0
0 0 31 31 0
END
0 4 31 7 0
0 0 31 0 0
31 0 0 14 31
0 31 9 6 0
0 0 31 0 31
END
31 0 31 31 0
31 13 31 12 31
0 31 0 0 13
31 0 0 0 6
0 0 0 0 9
END
0 0 0 0 0
31 5 7 8 0
0 31 31 0 0
0 9 31 0 0
0 31 31 11 2
END
31 1 31 31 0
11 0 31 0 15
0 0 31 0 31
0 31 31 0 31
0 10 0 0 0
END
31 31 31 0 0
13 0 0 10 0
0 0 31 0 31
9 15 10 0 8
31 0 0 0 0
END
0 0 0 0 0
0 6 31 0 31
31 0 31 31 0
31 0 31 0 14
31 0 0 31 10
END
0 31 5 13 0
31 31 0 0 0
13 31 0 31 0
12 4 0 0 7
31 0 10 0 0
END
0 15 0 31 14
31 0 0 9 0
2 0 0 0 0
31 31 0 11 0
10 0 31 31 10
END
0 0 0 31 31
4 0 31 0 0
0 0 0 0 0
0 5 31 31 31
31 31 0 31 31
END
0 9 0 0 31
0 5 31 10 0
7 0 31 0 0
31 3 31 0 31
31 0 0 0 8
END
31 31 0 0 0
4 0 10 14 31
0 0 12 0 31
31 31 0 0 31
31 0 0 0 0
END
0 12 31 0 31
31 3 10 0 0
0 31 12 11 0
0 0 0 0 31
31 11 0 0 31
END
31 0 11 0 31
31 31 31 0 31
0 31 31 0 0
14 0 0 31 0
31 0 13 0 0
END
0 31 0 0 0
0 31 15 31 0
0 0 31 31 31
13 0 11 0 8
12 0 31 0 15
END
0 0 31 0 0
0 31 0 0 2
0 0 0 0 31
13 31 31 31 31
31 31 0 31 0
END
